#   44.380  -0.034   3.287 ;Mean Elev.(m), Avg Gradient(m/km), RMS Gradient(m/km) - SRTM1     
#   32.422   0.141   5.225 ;Mean Elev.(m), Avg Gradient(m/km), RMS Gradient(m/km) - ASTER GDEM
#   45.482   0.039   3.407 ;Mean Elev.(m), Avg Gradient(m/km), RMS Gradient(m/km) - GMTED2010 
   1 303.188997 -29.480047    44.502    44.419  5 54665.99188559 32.230
   2 303.187821 -29.481491    48.512    47.368  6 54675.90752984 37.032
   3 303.186437 -29.481340    46.259    46.355  5 54685.82317255 41.151
   4 303.187718 -29.481380    53.922    54.126  6 54695.73881424 33.056
   5 303.190323 -29.479222    50.538    48.546  5 54705.65445327 25.749
   6 303.190029 -29.479598    49.776    48.958  6 54715.57010599 31.123
   7 303.189396 -29.480500    46.007    45.973  5 54725.48575641 44.624
   8 303.186328 -29.481346    52.018    50.693  5 54735.40140457 49.187
   9 303.183845 -29.484639    44.138    44.153  5 54745.31705213 51.115
  10 303.182716 -29.486572    49.595    49.757  5 54755.23269889 34.522
  11 303.183628 -29.485734    53.353    53.826  5 54765.14834399 33.957
  12 303.185113 -29.482093    52.532    52.476  5 54775.06398572 50.358
  13 303.186965 -29.480836    48.792    48.900  5 54784.97962551 49.894
  14 303.187912 -29.481098    51.096    50.959  6 54794.89526413 51.422
  15 303.187867 -29.479905    44.647    44.572  5 54804.81090198 35.520
  16 303.189379 -29.479824    44.385    44.473  5 54814.72653992 31.057
  17 303.189108 -29.480555    44.866    44.142  5 54824.64218627 31.470
  18 303.187065 -29.481900    46.567    46.766  5 54834.55782689 30.789
  19 303.184671 -29.484588    45.689    46.183  5 54844.47347776 32.431
  20 303.181927 -29.485697    46.188    46.806  5 54854.38912723 34.495
  21 303.179954 -29.486567    45.647    45.443  5 54864.30477628 37.723
  22 303.179490 -29.487057    47.950    46.958  5 54874.22042485 33.852
  23 303.180565 -29.486477    48.345    48.163  5 54884.13607069 29.754
  24 303.182130 -29.485602    47.609    46.755  5 54894.05171297 31.337
  25 303.183071 -29.485487    43.432    43.489  5 54903.96735272 34.356
  26 303.183095 -29.485273    43.536    43.089  5 54913.88299131 32.455
  27 303.182805 -29.484936    43.335    43.373  5 54923.79862944 33.169
  28 303.184175 -29.484378    42.824    42.939  6 54933.71426705 50.444
  29 303.187671 -29.482812    42.753    42.639  5 54943.62990277 48.753
  30 303.190902 -29.478353    42.883    42.912  6 54953.54553580 38.786
  31 303.191449 -29.479195    42.409    42.391  6 54963.46118071 28.862
  32 303.189240 -29.480440    43.441    43.432  6 54973.37682911 49.605
  33 303.187026 -29.481035    43.110    42.937  5 54983.29247629 35.556
  34 303.186774 -29.482888    43.777    43.821  5 54993.20812350 35.372
  35 303.185487 -29.481943    44.442    43.172  5 55003.12376900 27.158
  36 303.185005 -29.482696    49.909    49.866  5 55013.03941289 49.364
  37 303.184949 -29.483649    46.942    46.473  6 55022.95505553 24.967
  38 303.184259 -29.483614    46.339    46.268  5 55032.87069736 35.226
  39 303.185282 -29.484659    45.376    45.431  5 55042.78633908 29.400
  40 303.187452 -29.483007    46.698    46.626  5 55052.70197904 32.007
  41 303.189657 -29.480031    47.316    47.087  6 55062.61761662 51.040
  42 303.189933 -29.480201    46.394    46.583  6 55072.53326102 29.373
  43 303.187421 -29.480406    46.696    46.691  5 55082.44890939 28.109
  44 303.185235 -29.482168    53.903    54.706  5 55092.36455637 26.302
  45 303.183750 -29.483505    48.019    47.446  5 55102.28020279 33.062
  46 303.184063 -29.485528    48.908    48.621  5 55112.19584905 31.630
  47 303.184406 -29.483153    48.592    47.914  5 55122.11149213 32.147
  48 303.186374 -29.482399    46.744    46.739  6 55132.02713281 37.965
  49 303.187298 -29.481536    45.005    44.927  6 55141.94277150 46.818
  50 303.186927 -29.480883    49.512    49.528  5 55151.85840981 50.470
  51 303.187665 -29.481405    51.874    51.820  5 55161.77404900 44.674
  52 303.189048 -29.480944    52.196    52.175  5 55171.68968783 52.259
  53 303.190523 -29.478981    49.262    49.307  5 55181.60532488 44.707
  54 303.187977 -29.480215    46.155    45.969  5 55191.52097531 32.629
  55 303.185125 -29.483845    49.477    49.109  5 55201.43662658 33.744
  56 303.182694 -29.485763    48.508    48.472  5 55211.35227668 44.113
  57 303.181819 -29.485981    50.073    49.894  5 55221.26792587 51.761
  58 303.181911 -29.485161    47.538    46.397  5 55231.18357362 27.404
  59 303.184003 -29.485979    44.739    44.940  5 55241.09921857 32.870
  60 303.183645 -29.484391    46.974    46.934  5 55251.01485917 42.844
  61 303.183769 -29.486080    44.822    44.918  5 55260.93049836 38.778
  62 303.182713 -29.484084    44.068    44.229  5 55270.84613603 37.445
  63 303.184313 -29.484108    45.842    44.386  5 55280.76177447 29.971
  64 303.186782 -29.482505    45.133    45.029  5 55290.67741153 27.445
  65 303.189903 -29.480115    44.920    44.668  6 55300.59304620 27.995
  66 303.189499 -29.480460    45.137    44.917  5 55310.50869275 28.569
  67 303.188218 -29.481878    50.868    50.273  5 55320.42433865 23.640
  68 303.186493 -29.483042    47.100    47.010  5 55330.33998304 50.509
  69 303.184957 -29.482669    52.196    51.615  5 55340.25562674 30.767
  70 303.185605 -29.482852    46.147    46.153  5 55350.17127039 45.606
  71 303.186663 -29.482458    48.721    45.390  5 55360.08691180 52.245
  72 303.187218 -29.483008    48.992    46.213  5 55370.00255113 53.081
  73 303.186628 -29.481906    45.278    45.357  5 55379.91818869 52.998
  74 303.186866 -29.481135    52.725    53.629  5 55389.83382588 29.184
  75 303.188968 -29.479583    53.658    54.422  5 55399.74946228 30.763
  76 303.190782 -29.480006    51.403    49.732  5 55409.66510967 30.066
  77 303.189956 -29.479391    46.355    46.286  5 55419.58076003 39.920
  78 303.188601 -29.480920    44.659    44.669  6 55429.49640755 51.865
  79 303.186219 -29.482832    44.623    44.398  6 55439.41205231 47.409
  80 303.184690 -29.484242    46.090    46.110  5 55449.32769544 47.354
  81 303.185023 -29.484038    47.217    47.194  5 55459.24333788 53.348
  82 303.186323 -29.481805    49.184    49.117  5 55469.15897910 28.398
  83 303.189167 -29.480784    44.804    44.799  5 55479.07461747 48.996
  84 303.190767 -29.478774    45.814    45.799  6 55488.99025272 53.099
  85 303.191908 -29.478235    45.044    45.040  6 55498.90588622 30.097
  86 303.191122 -29.479330    44.283    44.428  6 55508.82152608 27.694
  87 303.187892 -29.479933    44.057    43.940  5 55518.73717648 32.151
  88 303.187091 -29.481489    45.217    45.062  5 55528.65282651 28.456
  89 303.186120 -29.481332    47.019    47.038  5 55538.56847442 26.591
  90 303.185764 -29.483239    49.341    49.320  6 55548.48412055 48.602
  91 303.183977 -29.484477    45.739    45.846  6 55558.39976448 33.357
  92 303.182538 -29.484313    44.614    44.187  5 55568.31540710 50.405
  93 303.184163 -29.484556    46.257    46.695  5 55578.23104899 31.899
  94 303.186704 -29.482155    44.058    44.111  5 55588.14668808 42.815
  95 303.190418 -29.480087    45.525    45.241  5 55598.06232417 42.242
  96 303.191928 -29.477860    46.887    46.703  6 55607.97795738 50.348
  97 303.192632 -29.477556    48.440    46.120  6 55617.89358920 29.434
  98 303.190415 -29.479945    45.257    45.282  6 55627.80923570 48.468
  99 303.188412 -29.480844    44.643    44.603  5 55637.72488751 27.177
 100 303.188450 -29.481229    44.523    44.348  5 55647.64053741 34.146
 101 303.188599 -29.480924    48.522    48.477  6 55657.55618426 52.774
 102 303.188382 -29.481403    46.696    46.772  5 55667.47182694 27.181
 103 303.187325 -29.481558    48.357    48.383  6 55677.38746644 51.544
 104 303.186898 -29.481332    45.235    45.049  5 55687.30310372 50.560
 105 303.188186 -29.480975    45.968    45.815  5 55697.21873965 48.220
 106 303.190799 -29.478703    46.348    46.452  6 55707.13437386 30.841
 107 303.189892 -29.479453    44.558    44.304  5 55717.05002425 49.520
 108 303.188170 -29.480821    45.041    44.770  5 55726.96567230 32.082
 109 303.186299 -29.482363    46.834    46.863  5 55736.88131887 33.283
 110 303.184958 -29.483436    48.046    48.120  5 55746.79696431 53.337
 111 303.185119 -29.483108    46.179    46.067  5 55756.71260784 34.547
 112 303.187715 -29.482319    49.584    49.592  5 55766.62824900 32.168
 113 303.189936 -29.479804    54.327    54.555  6 55776.54388696 28.810
 114 303.191685 -29.479031    48.722    48.677  5 55786.45952235 40.936
 115 303.191997 -29.478223    49.276    47.093  6 55796.37515562 30.751
 116 303.191046 -29.478506    47.095    47.060  6 55806.29079629 30.888
 117 303.190027 -29.479427    47.751    47.677  5 55816.20644504 51.590
 118 303.190759 -29.478351    46.033    45.933  5 55826.12209049 52.516
 119 303.192013 -29.477234    45.834    45.978  6 55836.03773156 50.693
 120 303.192470 -29.476298    46.018    45.871  6 55845.95336935 50.808
 121 303.193097 -29.477212    46.303    46.270  5 55855.86900519 37.155
 122 303.191746 -29.478422    45.975    45.916  5 55865.78464724 32.759
 123 303.188725 -29.480562    46.037    46.196  5 55875.70030064 25.641
 124 303.188513 -29.481626    44.752    44.678  5 55885.61594831 27.399
 125 303.188551 -29.479859    48.138    45.340  5 55895.53158966 27.591
 126 303.190504 -29.479015    44.322    44.128  5 55905.44722606 29.782
 127 303.189796 -29.479707    45.702    43.477  6 55915.36286884 50.768
 128 303.186989 -29.483101    43.879    43.882  5 55925.27852323 33.885
 129 303.185220 -29.483196    46.915    46.688  5 55935.19417360 32.408
 130 303.185811 -29.482816    43.152    43.180  5 55945.10981930 50.948
 131 303.187651 -29.482499    43.040    42.885  5 55955.02546063 51.758
 132 303.188391 -29.481606    44.746    45.906  5 55964.94109919 29.837
 133 303.188312 -29.481756    44.343    43.182  5 55974.85673672 29.480
 134 303.188992 -29.481332    43.627    43.590  5 55984.77237339 39.656
 135 303.191023 -29.477969    43.641    43.643  6 55994.68800726 29.572
 136 303.190473 -29.479759    44.084    43.290  6 56004.60366013 27.361
 137 303.189522 -29.480709    43.151    43.118  5 56014.51930921 41.819
 138 303.187459 -29.481686    43.045    43.003  6 56024.43495488 48.438
 139 303.186166 -29.484090    43.124    43.071  5 56034.35059844 50.827
 140 303.185168 -29.482728    42.842    42.860  5 56044.26623891 34.175
 141 303.186282 -29.481681    43.387    43.162  5 56054.18187664 48.348
 142 303.189324 -29.480394    42.912    42.708  5 56064.09751088 31.766
 143 303.190173 -29.480665    46.267    42.748  5 56074.01315352 50.327
 144 303.187942 -29.482370    42.748    42.696  5 56083.92880288 47.115
 145 303.185981 -29.482189    46.384    46.626  5 56093.84444970 30.896
 146 303.185536 -29.481802    44.027    44.010  5 56103.76009465 33.297
 147 303.186964 -29.482123    50.657    49.931  6 56113.67572562 31.581
 148 303.189180 -29.481460    44.963    45.316  5 56123.59136427 26.574
 149 303.191027 -29.478394    43.585    43.583  5 56133.50699854 33.234
 150 303.191685 -29.478018    46.464    46.492  5 56143.42263714 31.281
 151 303.188988 -29.479445    44.445    44.443  5 56153.33828740 24.122
 152 303.187811 -29.481610    44.967    44.813  5 56163.25393638 29.900
 153 303.187868 -29.482149    43.698    43.779  5 56173.16958302 47.996
 154 303.188840 -29.480544    43.062    43.106  5 56183.08522432 28.615
 155 303.190315 -29.480203    44.792    44.771  5 56193.00086217 50.349
 156 303.190606 -29.479394    51.434    52.557  6 56202.91649730 36.829
 157 303.191522 -29.479013    50.501    49.082  6 56212.83213115 32.229
 158 303.193462 -29.477531    55.900    55.916  6 56222.74776325 35.033
 159 303.190398 -29.478801    51.035    49.500  6 56232.66341988 31.976
 160 303.188802 -29.480402    46.668    46.717  6 56242.57907293 28.495
 161 303.187314 -29.481636    45.001    44.957  5 56252.49472155 26.940
 162 303.186969 -29.483040    44.074    43.646  5 56262.41036561 27.900
 163 303.186626 -29.482507    46.405    45.572  6 56272.32600711 32.715
 164 303.187168 -29.481735    46.777    46.761  6 56282.24164906 47.276
 165 303.185956 -29.481514    48.345    47.884  5 56292.15730084 50.612
 166 303.186681 -29.483640    48.661    48.432  5 56302.07294879 52.569
 167 303.185817 -29.482372    45.712    45.766  5 56311.98859168 38.319
 168 303.186146 -29.483660    44.509    44.417  5 56321.90423326 50.700
 169 303.185390 -29.482161    47.603    46.695  5 56331.81987383 28.359
 170 303.187132 -29.482639    47.620    47.644  5 56341.73551472 26.611
 171 303.189278 -29.480597    45.514    45.435  5 56351.65115292 31.562
 172 303.190597 -29.479424    55.152    57.556  5 56361.56679317 31.238
 173 303.188026 -29.481143    48.481    48.296  5 56371.48244328 52.831
 174 303.185095 -29.483533    45.806    45.800  5 56381.39809054 48.577
 175 303.183677 -29.485880    48.507    47.769  5 56391.31373547 35.068
 176 303.184272 -29.485448    48.880    48.337  5 56401.22937811 52.377
 177 303.185816 -29.483160    44.742    44.692  5 56411.14501756 50.774
 178 303.188654 -29.480899    44.962    44.794  5 56421.06065220 51.663
 179 303.189471 -29.479758    44.993    44.808  5 56430.97628993 50.033
 180 303.186359 -29.483370    45.198    45.149  5 56440.89194287 51.033
 181 303.184200 -29.484951    45.715    45.589  5 56450.80759318 52.475
 182 303.183711 -29.483762    45.681    44.108  5 56460.72324103 32.333
 183 303.184944 -29.483233    49.031    49.266  5 56470.63888594 29.899
 184 303.186585 -29.482890    52.816    51.664  5 56480.55452725 33.320
 185 303.187227 -29.481526    46.467    46.215  5 56490.47016431 51.152
 186 303.188607 -29.480848    45.115    45.218  5 56500.38579882 50.982
 187 303.191277 -29.479531    45.738    44.591  5 56510.30143172 33.490
 188 303.191850 -29.477862    48.290    48.256  6 56520.21707397 52.197
 189 303.190593 -29.478745    46.238    46.213  5 56530.13272691 28.979
 190 303.189797 -29.479419    46.956    46.974  6 56540.04837590 42.414
 191 303.188932 -29.481527    45.549    44.880  5 56549.96402088 27.902
 192 303.186513 -29.482218    47.059    46.286  6 56559.87966341 25.516
 193 303.185611 -29.483194    47.396    46.735  6 56569.79530545 27.461
 194 303.186683 -29.483040    44.780    44.702  5 56579.71094640 49.923
 195 303.189738 -29.479988    49.676    48.799  6 56589.62658319 26.545
 196 303.190573 -29.479678    52.934    53.744  5 56599.54222912 30.441
 197 303.187680 -29.480728    46.637    46.575  5 56609.45788033 51.286
 198 303.186309 -29.483940    48.037    48.054  5 56619.37352704 39.263
 199 303.184740 -29.482801    46.776    45.407  5 56629.28916953 33.736
 200 303.186926 -29.481917    49.206    46.249  6 56639.20480899 50.414
 201 303.189120 -29.480924    44.664    44.481  5 56649.12045383 46.995
 202 303.187739 -29.480239    44.528    44.329  5 56659.03610480 27.064
 203 303.186155 -29.481378    46.652    46.580  5 56668.95175227 30.799
 204 303.184799 -29.483459    47.619    47.567  5 56678.86739783 28.498
 205 303.184804 -29.484596    47.512    47.564  5 56688.78304204 29.802
 206 303.185638 -29.482056    44.679    44.101  5 56698.69868316 30.452
 207 303.188646 -29.479661    43.637    43.651  5 56708.61431989 50.849
 208 303.190350 -29.479791    45.013    45.054  6 56718.52995933 29.176
 209 303.186426 -29.482292    44.942    44.964  5 56728.44561259 39.494
 210 303.183017 -29.485065    49.330    49.215  5 56738.36126161 30.237
 211 303.181655 -29.486585    46.870    47.093  6 56748.27690655 46.147
 212 303.183939 -29.486111    47.263    47.717  5 56758.19254660 29.520
 213 303.187240 -29.481084    50.488    46.621  5 56768.10817969 51.214
 214 303.188238 -29.481706    49.032    44.540  5 56778.02382556 37.679
 215 303.184916 -29.483954    48.592    47.880  5 56787.93948120 34.710
 216 303.181744 -29.487329    44.811    44.749  5 56797.85513378 46.156
 217 303.179851 -29.487869    49.496    49.730  5 56807.77078052 32.880
 218 303.181578 -29.486622    47.870    47.948  5 56817.68642148 51.756
 219 303.184281 -29.482907    48.852    48.691  5 56827.60205849 30.225
 220 303.188475 -29.481142    52.286    50.635  5 56837.51769280 27.126
 221 303.190858 -29.478331    53.061    53.088  5 56847.43332366 35.922
 222 303.188196 -29.481034    52.428    47.650  6 56857.34897543 53.115
 223 303.185329 -29.482327    48.908    49.018  5 56867.26462834 40.734
 224 303.184813 -29.484091    48.330    48.225  5 56877.18027986 32.596
 225 303.184257 -29.483531    45.030    44.998  5 56887.09592775 51.068
 226 303.184455 -29.484285    44.715    44.785  5 56897.01157324 51.588
 227 303.183430 -29.485088    47.370    46.576  5 56906.92721593 47.630
 228 303.182341 -29.486150    47.552    47.483  5 56916.84285687 48.713
 229 303.182462 -29.485282    48.386    48.991  5 56926.75849586 29.656
 230 303.185749 -29.484530    52.173    52.085  5 56936.67413185 44.070
 231 303.190260 -29.479930    49.174    48.763  5 56946.58976195 29.230
 232 303.188441 -29.479931    47.844    47.903  5 56956.50541608 32.846
 233 303.186927 -29.482044    47.461    47.439  6 56966.42106563 39.706
 234 303.185436 -29.483303    49.292    46.912  6 56976.33671056 50.890
 235 303.186032 -29.484150    49.023    48.457  5 56986.25235094 34.087
 236 303.188197 -29.479860    46.314    46.359  5 56996.16798458 42.083
 237 303.190756 -29.479557    44.591    44.539  5 57006.08362841 34.605
 238 303.189291 -29.480531    46.145    45.975  6 57015.99928296 52.889
 239 303.187154 -29.481819    50.211    50.239  5 57025.91493374 51.178
 240 303.185035 -29.483456    49.320    49.250  5 57035.83058281 33.719
 241 303.184490 -29.484256    48.589    48.518  6 57045.74622941 45.104
 242 303.185245 -29.483169    46.643    46.708  5 57055.66187262 50.684
 243 303.186877 -29.480741    45.503    45.508  5 57065.57751052 48.396
 244 303.189344 -29.480732    45.061    45.065  5 57075.49314438 42.102
 245 303.191282 -29.478965    45.959    45.971  5 57085.40877452 52.475
 246 303.187031 -29.481482    45.256    45.201  5 57095.32443038 51.897
 247 303.184446 -29.485411    44.555    44.586  5 57105.24008720 38.898
 248 303.183259 -29.485150    44.523    44.566  5 57115.15573860 50.236
 249 303.183847 -29.483726    44.512    44.404  5 57125.07138365 36.165
 250 303.185692 -29.484132    44.951    44.912  5 57134.98702380 37.006
 251 303.187386 -29.482628    43.983    43.962  5 57144.90265936 39.556
 252 303.189424 -29.481331    45.206    45.162  5 57154.81829269 36.603
 253 303.190348 -29.479983    47.288    44.422  5 57164.73393101 26.971
 254 303.188164 -29.482424    47.810    47.763  5 57174.64958814 52.221
 255 303.186212 -29.481419    51.304    50.855  5 57184.56524105 30.946
 256 303.186203 -29.482628    47.970    48.001  6 57194.48089055 50.541
 257 303.185633 -29.483580    47.175    47.225  5 57204.39652592 42.531
 258 303.185154 -29.484623    47.682    47.577  5 57214.31217109 52.401
 259 303.185706 -29.484594    52.898    51.185  5 57224.22781441 26.906
 260 303.186255 -29.482087    50.208    50.425  5 57234.14345529 43.319
 261 303.188057 -29.481354    47.242    46.095  5 57244.05909352 29.971
 262 303.189426 -29.480383    49.810    49.082  6 57253.97472913 32.578
 263 303.190223 -29.479346    45.840    45.892  6 57263.89036347 45.857
 264 303.190406 -29.478441    46.577    45.166  5 57273.80600199 27.467
 265 303.188628 -29.481858    45.785    44.623  5 57283.72165994 26.493
 266 303.186870 -29.482266    46.636    45.777  6 57293.63731479 31.568
 267 303.185626 -29.482361    53.808    53.458  5 57303.55296612 32.441
 268 303.184688 -29.483163    51.425    51.327  5 57313.46861387 28.309
 269 303.184039 -29.485089    50.862    51.034  5 57323.38425847 32.836
 270 303.183330 -29.483922    47.777    47.723  5 57333.29990029 40.676
 271 303.184810 -29.483032    51.199    51.228  5 57343.21554023 34.232
 272 303.183823 -29.484032    49.394    49.210  5 57353.13119299 31.973
 273 303.184984 -29.483485    49.592    48.804  5 57363.04683698 29.790
 274 303.186567 -29.483267    49.950    49.801  5 57372.96247784 40.448
 275 303.186535 -29.481222    53.080    53.226  5 57382.87811667 54.890
 276 303.187823 -29.480772    52.912    51.203  5 57392.79375572 27.238
 277 303.190407 -29.480468    47.198    47.164  5 57402.70939415 31.002
 278 303.190853 -29.479581    46.166    46.254  6 57412.62503854 31.319
 279 303.188357 -29.480800    46.154    46.095  6 57422.54069098 50.141
 280 303.185819 -29.484008    47.086    46.235  5 57432.45634101 34.697
 281 303.183332 -29.485667    48.424    46.658  5 57442.37198860 51.361
 282 303.182597 -29.485769    45.582    45.560  5 57452.28763503 51.369
 283 303.183546 -29.485125    45.951    46.077  5 57462.20327959 43.478
 284 303.185718 -29.482111    49.019    49.761  5 57472.11892010 29.152
 285 303.187841 -29.479864    46.867    46.874  5 57482.03455684 46.420
 286 303.189920 -29.479982    52.792    51.523  5 57491.95019091 31.812
 287 303.191577 -29.478633    47.268    47.189  5 57501.86582287 52.792
 288 303.190002 -29.479503    48.133    47.455  5 57511.78147223 30.850
 289 303.187889 -29.480764    45.973    45.840  5 57521.69712775 32.534
 290 303.187731 -29.482724    46.190    46.352  5 57531.61278119 39.498
 291 303.186560 -29.482210    45.803    45.925  5 57541.52843070 49.685
 292 303.185353 -29.482071    44.691    44.686  5 57551.44407728 44.582
 293 303.185023 -29.483782    50.859    44.689  5 57561.35972257 51.954
 294 303.184958 -29.484588    45.854    45.795  5 57571.27536707 51.888
 295 303.185415 -29.483702    50.040    50.158  5 57581.19101102 31.496
 296 303.186438 -29.482071    46.624    46.509  5 57591.10665305 48.694
 297 303.187040 -29.481263    44.724    44.780  5 57601.02229253 51.925
