#    0.194  -0.959   4.207 ;Mean Elev.(m), Avg Gradient(m/km), RMS Gradient(m/km) - SRTM1     
#   16.992  -0.585   4.703 ;Mean Elev.(m), Avg Gradient(m/km), RMS Gradient(m/km) - ASTER GDEM
#    0.399  -0.888   4.189 ;Mean Elev.(m), Avg Gradient(m/km), RMS Gradient(m/km) - GMTED2010 
   1 301.813276 -32.519527     2.537     1.915  6 54666.40649537 26.247
   2 301.812932 -32.519480     3.492     3.798  5 54676.32213943 27.146
   3 301.813637 -32.520894     3.375     3.557  6 54686.23778180 30.196
   4 301.814432 -32.525103     4.172     4.428  6 54696.15342206 26.407
   5 301.816382 -32.525980     5.652     5.568  3 54706.06906127 15.997
   6 301.814498 -32.522035     3.505     3.586  6 54715.98471401 29.677
   7 301.812255 -32.517715     2.725     1.966  5 54725.90036455 29.353
   8 301.810953 -32.512347     2.163     1.979  6 54735.81601388 33.129
   9 301.809873 -32.510689     1.774     1.891  6 54745.73166191 29.485
  10 301.809998 -32.510401     3.115     3.097  6 54755.64730934 30.565
  11 301.810104 -32.511617     3.849     3.847  6 54765.56295505 33.443
  12 301.810241 -32.511460     5.886     5.756  5 54775.47859800 49.763
  13 301.809697 -32.511572     4.920     4.938  5 54785.39423820 33.064
  14 301.810524 -32.511722     2.319     2.346  5 54795.30987682 54.752
  15 301.811821 -32.516357     1.786     1.803  6 54805.22551377 34.637
  16 301.814158 -32.520569     1.921     1.852  6 54815.14115039 36.104
  17 301.814324 -32.520620     1.743     1.693  6 54825.05679657 44.421
  18 301.812317 -32.517166     1.711     1.566  6 54834.97243693 30.812
  19 301.810768 -32.512738     2.660     2.622  6 54844.88808780 24.774
  20 301.809602 -32.511230     1.549     1.581  5 54854.80373755 43.833
  21 301.809759 -32.510894     1.952     1.968  5 54864.71938710 30.177
  22 301.810177 -32.510251     2.106     1.839  5 54874.63503634 32.614
  23 301.809953 -32.510275     3.883     3.915  5 54884.55068261 18.947
  24 301.808889 -32.508875     2.756     2.773  5 54894.46632541 28.820
  25 301.808543 -32.505524     1.771     1.401  5 54904.38196574 31.273
  26 301.808418 -32.505716     1.628     1.628  4 54914.29760387 53.237
  27 301.809241 -32.508201     1.572     1.556  4 54924.21324098 30.485
  28 301.810701 -32.512797     1.614     1.611  6 54934.12887697 49.249
  29 301.812276 -32.518000     1.184     1.167  6 54944.04451094 52.261
  30 301.813708 -32.521527     1.222     1.091  6 54953.96014314 31.934
  31 301.812875 -32.518477     2.763     2.231  6 54963.87578853 24.660
  32 301.811719 -32.515507     1.776     0.983  5 54973.79143733 29.221
  33 301.811864 -32.515014     2.206     1.249  5 54983.70708520 26.676
  34 301.812283 -32.517085     2.489     1.659  5 54993.62273235 23.816
  35 301.812315 -32.517511     3.358     3.224  5 55003.53837863 25.575
  36 301.811883 -32.515762     2.868     3.252  5 55013.45402306 32.839
  37 301.811416 -32.513952     2.908     3.208  6 55023.36966596 30.042
  38 301.811751 -32.513573     3.692     3.625  6 55033.28530776 29.656
  39 301.812247 -32.516783     4.417     4.155  5 55043.20094818 30.001
  40 301.813227 -32.522134     2.352     2.332  6 55053.11658667 50.980
  41 301.814222 -32.524344     6.011     6.187  6 55063.03222369 28.352
  42 301.813236 -32.520781     2.381     2.299  5 55072.94786882 34.837
  43 301.811414 -32.514787     4.524     4.623  6 55082.86351817 31.230
  44 301.810595 -32.510306     4.127     3.812  5 55092.77916610 33.496
  45 301.809955 -32.510101     4.450     4.451  6 55102.69481306 37.205
  46 301.810280 -32.510799     3.768     3.805  5 55112.61045962 33.685
  47 301.810340 -32.512484     4.165     3.911  5 55122.52610359 31.723
  48 301.810375 -32.512807     3.377     2.951  5 55132.44174483 31.192
  49 301.810360 -32.511653     3.804     3.086  5 55142.35738412 24.904
  50 301.810704 -32.511622     4.461     4.399  5 55152.27302241 55.597
  51 301.811568 -32.515076     7.944     7.943  5 55162.18866029 51.845
  52 301.812967 -32.520250     8.099     8.078  5 55172.10429757 32.255
  53 301.814983 -32.523829     6.275     6.297  6 55182.01993369 34.078
  54 301.813462 -32.520511     6.530     6.723  6 55191.93558481 32.074
  55 301.811827 -32.515414     4.793     4.566  5 55201.85123624 30.601
  56 301.810345 -32.512985     5.179     4.975  6 55211.76688670 37.071
  57 301.810181 -32.512262     4.598     4.239  5 55221.68253646 31.963
  58 301.810047 -32.511488     5.952     6.254  6 55231.59818500 31.918
  59 301.809768 -32.511319     4.767     5.059  5 55241.51383002 29.951
  60 301.809260 -32.508784     5.388     5.394  5 55251.42947174 45.270
  61 301.808465 -32.506792     3.031     2.987  4 55261.34511075 55.197
  62 301.808672 -32.507750     2.820     2.825  5 55271.26074808 34.725
  63 301.809660 -32.511356     3.894     4.159  5 55281.17638484 29.459
  64 301.811268 -32.515735     4.451     4.543  6 55291.09202034 29.866
  65 301.812590 -32.520505     5.323     5.934  6 55301.00765348 44.462
  66 301.812288 -32.517535     3.810     3.520  5 55310.92330055 30.548
  67 301.811416 -32.514744     4.014     3.574  5 55320.83894643 32.915
  68 301.810675 -32.513451     3.911     4.035  5 55330.75459110 29.919
  69 301.811441 -32.512783     3.488     3.104  6 55340.67023566 36.064
  70 301.811337 -32.516185     4.372     4.485  6 55350.58587908 39.487
  71 301.812017 -32.518193     2.334     2.297  5 55360.50152062 40.856
  72 301.812139 -32.518867     4.205     4.426  6 55370.41715997 26.757
  73 301.812942 -32.518547     4.173     4.378  6 55380.33279793 28.204
  74 301.813468 -32.520529     3.566     3.714  6 55390.24843457 28.138
  75 301.814763 -32.523824     3.921     3.415  6 55400.16406999 49.067
  76 301.814795 -32.523407     5.299     5.279  6 55410.07971731 33.489
  77 301.813714 -32.519649     3.392     3.454  6 55419.99536785 54.530
  78 301.811799 -32.516047     2.640     2.063  6 55429.91101533 42.697
  79 301.810623 -32.512587     2.484     2.483  6 55439.82666064 41.401
  80 301.809977 -32.512276     4.473     4.252  5 55449.74230420 27.360
  81 301.810830 -32.512738     2.616     2.683  5 55459.65794734 54.035
  82 301.811557 -32.514128     4.511     4.587  6 55469.57358939 30.926
  83 301.811544 -32.516604     3.542     3.962  5 55479.48922795 31.333
  84 301.812215 -32.517826     1.998     2.059  6 55489.40486390 48.790
  85 301.812828 -32.520231     2.326     1.646  6 55499.32049719 34.339
  86 301.813208 -32.520677     4.191     4.316  6 55509.23613726 24.097
  87 301.812544 -32.518890     1.370     1.399  6 55519.15178751 33.465
  88 301.812447 -32.517971     3.911     4.090  6 55529.06743676 26.368
  89 301.811878 -32.517651     2.407     1.626  5 55538.98308420 30.477
  90 301.811597 -32.516308     3.384     2.946  6 55548.89872988 29.329
  91 301.811413 -32.514074     3.441     3.877  5 55558.81437420 26.238
  92 301.811323 -32.514055     1.600     1.504  6 55568.73001734 48.671
  93 301.811190 -32.516144     1.898     1.825  5 55578.64565913 24.132
  94 301.811929 -32.516621     1.694     1.685  6 55588.56129891 34.163
  95 301.812417 -32.517715     1.812     1.916  5 55598.47693526 20.425
  96 301.812900 -32.518371     2.388     2.392  5 55608.39256885 43.308
  97 301.813406 -32.520941     3.605     3.021  5 55618.30819993 28.724
  98 301.813051 -32.520269     1.958     1.939  6 55628.22384655 48.072
  99 301.812505 -32.519490     1.303     1.286  5 55638.13949751 51.814
 100 301.812321 -32.517808     2.137     2.141  6 55648.05514659 29.738
 101 301.811325 -32.515692     2.671     2.693  5 55657.97079281 31.336
 102 301.810837 -32.513768     2.278     2.279  6 55667.88643513 31.916
 103 301.811129 -32.514102     2.730     2.734  5 55677.80207462 43.126
 104 301.812159 -32.517271     2.390     2.345  5 55687.71771183 30.164
 105 301.813436 -32.521425     3.569     3.879  6 55697.63334745 26.810
 106 301.814273 -32.526117     4.735     4.960  6 55707.54898193 31.604
 107 301.813850 -32.521894     3.042     2.558  6 55717.46463372 34.220
 108 301.812798 -32.518884     1.715     1.717  6 55727.38028228 41.478
 109 301.812266 -32.517620     4.695     4.447  5 55737.29592874 29.215
 110 301.812116 -32.517673     3.519     3.524  6 55747.21157365 52.785
 111 301.812121 -32.518278     3.175     3.230  6 55757.12721643 48.604
 112 301.812345 -32.518661     3.653     3.646  6 55767.04285672 47.855
 113 301.812742 -32.517919     5.750     5.818  6 55776.95849447 33.666
 114 301.812956 -32.518158     4.753     4.806  6 55786.87412957 29.784
 115 301.813190 -32.521853     4.246     4.530  6 55796.78976260 31.618
 116 301.813603 -32.523429     4.517     4.872  6 55806.70540455 30.042
 117 301.813541 -32.523290     4.001     4.330  6 55816.62105402 30.733
 118 301.814274 -32.520968     2.905     2.908  6 55826.53670074 54.228
 119 301.813280 -32.520731     2.596     2.592  5 55836.45234239 53.631
 120 301.812897 -32.519786     4.663     4.392  5 55846.36798079 28.779
 121 301.813946 -32.521533     2.770     2.769  6 55856.28361606 48.136
 122 301.814120 -32.523734     3.545     2.563  6 55866.19925810 31.567
 123 301.813637 -32.522706     2.552     2.546  6 55876.11491076 53.885
 124 301.813818 -32.521566     2.055     2.039  6 55886.03055754 32.524
 125 301.813473 -32.521908     3.801     4.038  6 55895.94619844 28.464
 126 301.814844 -32.521842     1.620     1.497  6 55905.86183458 29.670
 127 301.813424 -32.523044     1.795     1.772  6 55915.77747806 30.237
 128 301.812517 -32.518912     2.372     1.691  6 55925.69313316 25.428
 129 301.811609 -32.517470     1.092     1.085  5 55935.60878440 28.557
 130 301.811072 -32.514838     1.057     1.031  6 55945.52443100 31.557
 131 301.810881 -32.511829     1.081     1.029  5 55955.44007304 36.260
 132 301.810569 -32.511136    10.263    10.172  5 55965.35571167 29.109
 133 301.811241 -32.512909     3.942     4.178  6 55975.27134836 25.192
 134 301.812271 -32.519040     1.905     2.009  6 55985.18698317 30.583
 135 301.814751 -32.524576     5.295     5.389  6 55995.10261636 28.924
 136 301.813642 -32.521695     1.217     1.219  6 56005.01826864 38.626
 137 301.811722 -32.517485     2.545     1.726  5 56014.93391734 30.894
 138 301.810544 -32.512913     3.329     3.610  5 56024.84956329 29.070
 139 301.810479 -32.512180     2.082     1.186  5 56034.76520674 38.702
 140 301.811805 -32.515702     2.466     1.536  5 56044.68084741 27.198
 141 301.813075 -32.520667     2.161     1.500  6 56054.59648486 27.215
 142 301.814736 -32.524154     1.194     1.019  6 56064.51211885 31.841
 143 301.814045 -32.522783     1.814     1.919  6 56074.42776266 34.808
 144 301.812753 -32.517887     2.925     3.088  6 56084.34341264 30.425
 145 301.812221 -32.516288     4.459     4.848  5 56094.25905949 27.473
 146 301.812209 -32.517978     1.962     1.936  6 56104.17470360 53.360
 147 301.812637 -32.519052     3.177     3.328  6 56114.09033343 30.920
 148 301.812813 -32.520609     3.541     3.728  6 56124.00597104 29.130
 149 301.813532 -32.520888     1.900     1.902  5 56133.92160520 33.880
 150 301.813173 -32.520392     4.458     4.686  5 56143.83724460 27.451
 151 301.811825 -32.518131     4.439     4.853  5 56153.75289552 24.977
 152 301.812103 -32.517126     7.010     7.177  5 56163.66854513 29.631
 153 301.812472 -32.518114     4.544     4.811  5 56173.58419227 31.069
 154 301.812966 -32.518914     1.480     1.556  5 56183.49983433 45.953
 155 301.812322 -32.519123     2.342     2.241  5 56193.41547249 36.070
 156 301.812117 -32.518707     4.600     4.749  6 56203.33110788 30.423
 157 301.813024 -32.521811     6.531     6.507  6 56213.24674086 35.084
 158 301.816402 -32.526033     7.972     6.563  3 56223.16237300 29.795
 159 301.815125 -32.526318     3.824     3.791  6 56233.07802900 53.744
 160 301.814688 -32.523448     4.200     4.450  6 56242.99368179 29.871
 161 301.813299 -32.519995     2.937     2.288  6 56252.90933031 26.963
 162 301.811986 -32.518393     2.256     1.399  5 56262.82497419 32.127
 163 301.812101 -32.517512     4.436     4.479  6 56272.74061632 42.124
 164 301.812467 -32.518195     6.225     6.773  5 56282.65625947 28.300
 165 301.811620 -32.516464     4.167     4.254  6 56292.57191223 30.617
 166 301.811214 -32.512842     4.471     3.804  6 56302.48756083 34.422
 167 301.809968 -32.511030     4.402     3.771  6 56312.40320457 28.950
 168 301.810300 -32.509331     2.013     2.011  5 56322.31884598 55.083
 169 301.810516 -32.511977     1.607     1.642  6 56332.23448571 39.362
 170 301.811261 -32.516496     3.290     2.744  5 56342.15012463 26.298
 171 301.813332 -32.519765     2.380     2.368  6 56352.06576165 31.907
 172 301.813478 -32.521086     3.009     2.177  5 56361.98140174 28.167
 173 301.811360 -32.517433     3.928     3.450  5 56371.89705163 34.230
 174 301.810722 -32.512146     3.083     2.964  6 56381.81269943 30.528
 175 301.810712 -32.510964     2.926     2.858  5 56391.72834448 30.311
 176 301.811298 -32.514485     3.743     3.775  5 56401.64398691 55.403
 177 301.812507 -32.518525     2.051     1.976  5 56411.55962641 43.454
 178 301.813729 -32.522840     3.275     3.284  6 56421.47526076 34.716
 179 301.814798 -32.521692     4.331     4.373  6 56431.39090017 30.336
 180 301.811853 -32.517855     4.250     4.191  5 56441.30655289 29.747
 181 301.811168 -32.513931     3.172     3.293  6 56451.22220319 32.388
 182 301.810822 -32.513742     2.481     2.449  6 56461.13785052 36.440
 183 301.810888 -32.513684     2.621     2.616  5 56471.05349462 33.762
 184 301.811342 -32.513831     4.480     4.216  5 56480.96913521 26.143
 185 301.811294 -32.515531     2.293     2.279  5 56490.88477181 42.866
 186 301.812446 -32.517810     2.223     2.208  5 56500.80040616 50.752
 187 301.814118 -32.522662     4.245     4.295  6 56510.71603880 28.304
 188 301.814947 -32.523642     4.422     4.598  6 56520.63168290 30.891
 189 301.813677 -32.521647     3.852     3.959  6 56530.54733669 29.501
 191 301.811617 -32.517379     4.211     4.013  5 56550.37863191 28.180
 192 301.811787 -32.514735     4.369     4.524  6 56560.29427502 29.341
 193 301.811601 -32.516570     3.137     2.608  6 56570.20991611 32.459
 194 301.812680 -32.520137     2.467     2.468  6 56580.12555575 53.188
 195 301.815090 -32.524335     4.842     4.967  6 56590.04119148 26.888
 196 301.815160 -32.523477     4.857     4.926  6 56599.95683803 30.348
 197 301.812849 -32.520035     4.916     4.912  5 56609.87248939 29.888
 198 301.812336 -32.516634     3.569     3.545  5 56619.78813632 30.259
 199 301.811878 -32.516593     3.913     4.322  5 56629.70377958 28.966
 200 301.812686 -32.518136     2.614     2.611  6 56639.61941926 43.664
 201 301.812564 -32.517621     1.495     1.516  5 56649.53506554 26.038
 202 301.811062 -32.513586     1.502     1.500  6 56659.45071783 26.135
 203 301.809665 -32.511532     3.366     2.974  5 56669.36636560 25.146
 204 301.810133 -32.510767     2.011     1.989  5 56679.28201071 27.610
 205 301.811179 -32.512626     5.226     5.300  6 56689.19765363 31.148
 206 301.811700 -32.516568     2.701     2.643  5 56699.11329335 35.400
 207 301.812590 -32.519824     2.000     1.978  6 56709.02892862 47.626
 208 301.812633 -32.519533     3.171     3.392  6 56718.94456821 27.625
 209 301.811278 -32.514050     3.477     3.724  5 56728.86022183 30.214
 210 301.810305 -32.512351     4.361     4.254  6 56738.77587088 30.494
 211 301.811031 -32.512404     5.020     5.047  6 56748.69151593 29.920
 212 301.811935 -32.516401     5.062     5.131  6 56758.60715540 29.715
 213 301.813550 -32.521281     3.851     3.854  6 56768.52278853 52.367
 214 301.812497 -32.519815     2.945     2.427  6 56778.43843591 30.084
 215 301.810923 -32.513804     4.003     3.945  6 56788.35409232 52.140
 216 301.809337 -32.509812     4.550     4.823  5 56798.26974468 32.412
 217 301.809198 -32.508813     6.776     5.981  5 56808.18539075 38.523
 218 301.809995 -32.510606     3.387     3.332  5 56818.10103063 55.736
 219 301.810845 -32.513208     3.695     3.655  5 56828.01666679 56.130
 220 301.811856 -32.515932     5.095     5.289  6 56837.93229990 33.425
 221 301.813325 -32.519951     7.207     7.225  6 56847.84793025 36.411
 222 301.812257 -32.517635     5.624     5.603  6 56857.76358358 49.862
 223 301.811592 -32.517197     5.108     5.278  5 56867.67923719 30.254
 224 301.811229 -32.515886     3.502     3.492  6 56877.59488922 52.605
 225 301.810584 -32.513382     1.902     1.880  5 56887.51053825 47.905
 226 301.809531 -32.510720     2.778     2.740  5 56897.42618438 37.680
 227 301.809404 -32.508759     2.198     2.192  5 56907.34182753 54.993
 228 301.810501 -32.509417     4.302     4.233  5 56917.25746811 53.355
 229 301.811604 -32.514844     4.065     3.604  5 56927.17310578 40.261
 230 301.813306 -32.520760     5.149     5.144  6 56937.08873984 54.356
 231 301.815301 -32.526110     6.441     6.422  6 56947.00436945 38.594
 232 301.812934 -32.521537     3.595     3.138  6 56956.92002443 34.954
 233 301.811731 -32.516656     5.198     5.262  5 56966.83567434 31.620
 234 301.811364 -32.515695     4.766     4.874  6 56976.75131959 31.126
 235 301.812110 -32.517717     6.085     6.230  5 56986.66695992 27.377
 236 301.813545 -32.522072     4.930     5.096  6 56996.58259401 30.457
 237 301.813390 -32.520872     2.212     2.226  6 57006.49823971 32.387
 238 301.811529 -32.514941     3.132     3.104  5 57016.41389539 53.860
 239 301.810070 -32.511829     4.588     4.559  5 57026.32954645 55.245
 240 301.810409 -32.511297     6.564     6.533  5 57036.24519499 54.192
 241 301.811283 -32.513701     5.019     4.676  6 57046.16084032 34.444
 242 301.812015 -32.516867     3.487     2.773  5 57056.07648212 30.453
 243 301.812239 -32.518765     2.739     2.097  6 57065.99211897 30.851
 244 301.812706 -32.519953     2.104     2.040  5 57075.90775173 28.917
 245 301.814408 -32.522818     2.809     2.229  6 57085.82338140 27.831
 246 301.812879 -32.519957     2.298     2.320  6 57095.73903922 29.847
 247 301.811937 -32.518208     1.857     1.870  6 57105.65469611 31.197
 248 301.811982 -32.517364     2.101     1.369  6 57115.57034818 26.548
 249 301.811472 -32.516698     1.847     1.864  5 57125.48599375 29.070
 250 301.811494 -32.514784     1.901     1.806  6 57135.40163398 43.807
 251 301.811637 -32.516651     2.000     1.258  6 57145.31726900 34.011
 252 301.812981 -32.520916     2.304     2.236  6 57155.23290105 34.026
 253 301.814293 -32.523536     1.643     1.573  6 57165.14853970 31.267
 254 301.813491 -32.519670     1.863     1.903  6 57175.06419643 32.424
 255 301.812239 -32.516225     2.300     2.301  5 57184.97984948 42.241
 256 301.811349 -32.512479     2.225     2.221  6 57194.89549879 53.147
 257 301.810632 -32.510586     3.503     3.095  5 57204.81113428 28.140
 258 301.810745 -32.511792     3.394     3.439  5 57214.72677949 47.753
 259 301.811462 -32.515914     4.961     4.949  6 57224.64242275 49.184
 260 301.812505 -32.519102     4.756     4.745  5 57234.55806427 28.812
 261 301.812689 -32.520713     2.734     2.739  6 57244.47370270 32.523
 262 301.813320 -32.520007     5.712     5.891  5 57254.38933883 30.832
 263 301.814347 -32.521048     2.504     2.503  6 57264.30497316 56.105
 264 301.814850 -32.525026     2.202     2.162  6 57274.22061186 51.095
 265 301.814729 -32.523391     4.402     4.331  6 57284.13626908 28.545
 266 301.814394 -32.521106     3.565     3.781  6 57294.05192377 29.251
 267 301.812739 -32.518673     4.692     4.921  6 57303.96757495 29.563
 268 301.811441 -32.514276     6.294     6.267  5 57313.88322304 35.325
 269 301.810184 -32.511560     5.851     5.899  5 57323.79886780 35.539
 270 301.810331 -32.511741     4.521     4.168  5 57333.71451037 33.180
 271 301.811708 -32.514236     5.478     5.409  5 57343.63015066 32.766
 272 301.810558 -32.512111     5.101     4.940  5 57353.54580483 32.181
 273 301.810810 -32.511264     4.199     3.864  5 57363.46144959 33.346
 274 301.810611 -32.511331     4.991     5.040  5 57373.37709058 33.434
 275 301.810715 -32.513251     8.555     8.551  6 57383.29272918 55.205
 276 301.812264 -32.516188     7.672     7.675  5 57393.20836712 29.679
 277 301.814343 -32.521139     5.387     5.458  6 57403.12400377 29.745
 278 301.814033 -32.524617     3.066     2.274  6 57413.03964765 30.459
 279 301.812868 -32.521081     2.290     2.289  6 57422.95529997 38.599
 280 301.811536 -32.515997     3.457     3.016  6 57432.87095006 37.913
 281 301.811126 -32.512330     4.201     3.406  6 57442.78659822 38.952
 282 301.810903 -32.513621     3.887     4.062  5 57452.70224476 29.082
 283 301.811688 -32.515790     3.037     2.355  5 57462.61788944 36.705
 284 301.812511 -32.519473     4.352     4.534  6 57472.53353010 27.116
 285 301.813562 -32.520403     4.743     5.050  5 57482.44916726 30.032
 286 301.813224 -32.521764     5.280     5.319  6 57492.36480081 55.001
 287 301.814456 -32.523683     7.145     7.091  6 57502.28043216 36.440
 288 301.814150 -32.520847     4.725     4.725  6 57512.19608239 51.777
 289 301.812453 -32.519594     3.906     3.331  5 57522.11173702 32.139
 290 301.811786 -32.517744     2.731     2.431  5 57532.02738956 35.192
 291 301.811454 -32.514973     4.520     4.708  6 57541.94303910 32.646
 292 301.810926 -32.513109     3.617     3.992  5 57551.85868582 41.191
 293 301.811028 -32.512002     1.873     1.626  5 57561.77433118 37.540
 294 301.811319 -32.512853     3.445     3.437  6 57571.68997589 53.223
 295 301.811438 -32.515429     5.569     6.069  5 57581.60562011 32.608
 296 301.812325 -32.517012     2.918     2.882  5 57591.52126272 54.118
 297 301.812333 -32.518407     3.738     3.453  5 57601.43690250 32.597
