#    0.224  -0.171   4.745 ;Mean Elev.(m), Avg Gradient(m/km), RMS Gradient(m/km) - SRTM1     
#    5.227   0.741   5.461 ;Mean Elev.(m), Avg Gradient(m/km), RMS Gradient(m/km) - ASTER GDEM
#    0.764  -0.114   4.831 ;Mean Elev.(m), Avg Gradient(m/km), RMS Gradient(m/km) - GMTED2010 
   2 301.878641 -32.338116     2.766     2.318  5 54672.94134534 33.248
   3 301.876900 -32.338560     3.610     2.458  5 54682.85698840 25.313
   4 301.877641 -32.337963     8.987     9.188  5 54692.77263048 28.620
   5 301.880897 -32.336577     3.965     2.934  5 54702.68827039 28.343
   6 301.881537 -32.335341     4.147     3.254  5 54712.60391919 26.800
   7 301.881188 -32.337278    15.907    11.251  5 54722.51957074 16.432
   8 301.878503 -32.339498     3.756     3.545  5 54732.43521957 28.302
   9 301.874959 -32.340791     2.723     2.618  5 54742.35086643 51.555
  10 301.873649 -32.341375     3.170     2.000  5 54752.26651294 30.941
  11 301.873617 -32.339690     4.866     4.850  5 54762.18215875 45.773
  12 301.876041 -32.339336     6.603     6.614  4 54772.09780255 54.324
  13 301.878216 -32.339319     7.195     7.212  5 54782.01344346 49.103
  14 301.878158 -32.336935     4.040     3.914  5 54791.92908141 30.992
  15 301.878640 -32.336881     3.618     3.496  5 54801.84471908 26.384
  16 301.880286 -32.337861     2.583     2.566  5 54811.76035723 28.981
  17 301.880474 -32.336689     2.533     2.487  5 54821.67599912 24.383
  18 301.879192 -32.337908     2.816     1.623  5 54831.59165212 24.089
  19 301.876074 -32.338267     1.139     1.230  5 54841.50729134 26.178
  20 301.872982 -32.340735     1.754     1.768  5 54851.42294106 25.134
  21 301.869871 -32.341672     5.674     5.522  4 54861.33858990 29.365
  22 301.868554 -32.341948     1.746     1.740  4 54871.25423853 51.823
  23 301.870162 -32.341743     1.503     1.627  5 54881.16988561 31.701
  24 301.873215 -32.341100     2.695     2.663  5 54891.08552933 24.930
  25 301.874850 -32.341263     4.167     4.157  5 54901.00117010 27.466
  26 301.873341 -32.340536     1.376     1.380  4 54910.91680870 41.455
  27 301.872394 -32.341187     2.260     2.197  4 54920.83244663 52.009
  28 301.873171 -32.339872     4.743     5.565  5 54930.74808399 23.347
  29 301.878046 -32.339746     2.410     2.077  5 54940.66372074 28.527
  30 301.881354 -32.335383     3.119     1.829  5 54950.57935486 25.330
  31 301.882760 -32.334456     4.348     4.533  5 54960.49499497 22.937
  32 301.880824 -32.336555     1.842     1.681  5 54970.41064382 30.472
  33 301.878235 -32.337139     2.092     2.148  5 54980.32629085 37.947
  34 301.877186 -32.338664    52.064    51.704  5 54990.24193773 16.791
  35 301.876391 -32.338586     1.177     1.189  5 55000.15758408 29.587
  36 301.876498 -32.339524     3.195     1.977  5 55010.07322885 21.423
  37 301.876777 -32.340075     1.679     1.572  5 55019.98887197 33.032
  38 301.875770 -32.340047     2.480     2.451  5 55029.90451382 46.539
  39 301.875013 -32.340219     2.273     2.257  5 55039.82015528 46.459
  40 301.876389 -32.339743     3.769     3.567  5 55049.73579572 24.326
  41 301.879394 -32.338006     3.165     3.247  5 55059.65143407 28.582
  42 301.881804 -32.336631     4.217     3.541  5 55069.56707440 26.212
  43 301.880188 -32.336163     4.193     4.235  5 55079.48272391 43.879
  44 301.877852 -32.338547     4.066     4.269  5 55089.39837178 33.076
  45 301.874794 -32.340109     5.608     5.505  5 55099.31401800 34.990
  46 301.873541 -32.340839     4.568     4.646  5 55109.22966355 45.242
  47 301.874291 -32.339072     4.584     4.512  5 55119.14530742 35.619
  48 301.877024 -32.338321     3.998     4.086  5 55129.06094922 34.966
  49 301.878652 -32.337863     3.198     3.040  5 55138.97658902 29.841
  50 301.878471 -32.337564     4.404     4.358  5 55148.89222760 48.687
  51 301.878273 -32.337597     9.082     9.014  5 55158.80786616 33.939
  52 301.878827 -32.337209     9.553     9.713  5 55168.72350465 33.113
  53 301.880530 -32.336788     8.304     8.301  6 55178.63914244 49.770
  54 301.879862 -32.336681     9.240     9.338  5 55188.55478859 31.926
  55 301.877265 -32.338838     3.473     3.445  5 55198.47044015 33.057
  56 301.874611 -32.341092     9.580     9.649  5 55208.38609061 32.447
  57 301.872438 -32.341497     5.208     5.257  5 55218.30173999 49.194
  58 301.871377 -32.340807     5.306     5.263  4 55228.21738824 52.658
  59 301.872780 -32.341179     5.680     5.646  4 55238.13303385 54.029
  60 301.874686 -32.340919     4.971     4.956  5 55248.04867570 42.436
  61 301.874689 -32.339757     3.901     3.863  5 55257.96431486 50.336
  62 301.874340 -32.339746     5.392     6.278  5 55267.87995356 35.326
  63 301.874370 -32.340317     8.039     9.474  4 55277.79559219 27.839
  64 301.875875 -32.339301     2.592     2.497  5 55287.71122955 39.996
  65 301.879006 -32.336769     3.964     3.225  5 55297.62686444 25.154
  66 301.880870 -32.336421     4.768     4.790  6 55307.54250680 30.294
  67 301.880068 -32.337655     4.418     4.387  5 55317.45815362 46.732
  68 301.877396 -32.337204     4.016     3.855  5 55327.37379851 32.958
  69 301.877030 -32.339836     4.025     4.016  5 55337.28944307 50.973
  70 301.876782 -32.340236     6.645     4.990  5 55347.20508654 36.193
  71 301.876582 -32.338997     3.735     3.731  5 55357.12072808 36.232
  72 301.877330 -32.339528     9.338     9.427  5 55367.03636796 27.541
  73 301.877576 -32.338681     8.114     9.165  5 55376.95200613 27.715
  74 301.878965 -32.338982     7.728     8.826  5 55386.86764394 33.691
  75 301.879713 -32.336679     9.304     9.464  5 55396.78328050 31.780
  76 301.881159 -32.335716     5.649     5.661  5 55406.69892272 42.129
  77 301.879956 -32.335923     3.981     3.932  5 55416.61457388 32.442
  78 301.879056 -32.336877     8.188     9.114  5 55426.53022197 28.556
  79 301.878817 -32.339403     3.389     3.452  5 55436.44586761 52.862
  80 301.876491 -32.338537     2.713     2.657  5 55446.36151093 51.070
  81 301.875720 -32.339078     3.644     3.647  5 55456.27715391 51.276
  82 301.876199 -32.338780     3.702     3.334  5 55466.19279604 35.574
  83 301.878226 -32.337048     3.155     2.919  5 55476.10843490 26.768
  84 301.881369 -32.336315     3.894     3.280  6 55486.02407093 27.750
  85 301.882857 -32.334945     2.169     2.205  5 55495.93970469 35.327
  86 301.883136 -32.334689     2.785     2.836  5 55505.85533955 25.873
  87 301.880313 -32.336806     2.001     1.987  6 55515.77099064 30.721
  88 301.878248 -32.337081     1.480     1.398  5 55525.68664071 34.416
  89 301.877103 -32.337851     1.666     1.653  5 55535.60228902 24.813
  90 301.876756 -32.340265     7.081     7.594  5 55545.51793572 26.370
  91 301.874229 -32.339574     3.930     3.958  5 55555.43357964 49.429
  92 301.873124 -32.339920     9.142     9.311  5 55565.34922279 30.017
  93 301.874254 -32.339233     2.547     2.654  5 55575.26486508 37.844
  94 301.876826 -32.337965     9.121     9.196  5 55585.18050557 26.539
  95 301.880016 -32.336950     7.852     8.974  5 55595.09614277 25.353
  96 301.882103 -32.336127     6.769     6.170  5 55605.01177657 26.151
  97 301.883105 -32.335063     3.258     3.183  5 55614.92740834 42.516
  98 301.882305 -32.334552     5.623     5.576  6 55624.84304813 28.907
  99 301.880553 -32.336994     6.403     5.631  5 55634.75870124 25.522
 100 301.879467 -32.337254     3.988     2.597  5 55644.67435185 28.745
 101 301.879080 -32.337155     5.381     5.515  5 55654.58999968 25.500
 102 301.879596 -32.338421     4.730     3.902  5 55664.50564328 25.681
 103 301.878066 -32.337331     7.939     9.196  5 55674.42128301 27.030
 104 301.877771 -32.337916     4.364     4.277  5 55684.33692127 51.510
 105 301.878588 -32.337039     3.989     2.746  5 55694.25255784 34.570
 106 301.881509 -32.336464     5.883     5.888  6 55704.16819314 28.315
 107 301.881546 -32.336230     2.395     2.378  6 55714.08383851 51.067
 108 301.879150 -32.336937     5.075     5.343  5 55723.99948685 27.999
 109 301.876820 -32.338393     8.059     9.292  5 55733.91513355 30.717
 110 301.875596 -32.339574     7.731     8.748  4 55743.83077921 29.592
 111 301.876301 -32.340219     5.979     7.343  5 55753.74642373 31.038
 112 301.878456 -32.338481     8.179     9.139  5 55763.66206573 32.112
 113 301.880962 -32.337176     5.881     4.864  5 55773.57770512 33.703
 114 301.881852 -32.335873     4.371     4.468  5 55783.49334101 32.663
 115 301.881990 -32.334991     7.184     6.856  5 55793.40897424 32.210
 116 301.881982 -32.333405     3.685     3.756  5 55803.32460927 50.279
 117 301.881557 -32.335740     4.215     4.186  6 55813.24025907 53.234
 118 301.882011 -32.335623     4.005     3.948  6 55823.15590655 34.470
 119 301.882626 -32.333826     2.989     3.056  5 55833.07154893 51.228
 120 301.883913 -32.334198     6.783     8.716  5 55842.98718759 32.339
 121 301.883297 -32.333126     3.339     3.322  4 55852.90282302 32.867
 122 301.882906 -32.333205     3.767     3.735  5 55862.81845861 50.646
 123 301.880210 -32.337045     3.990     2.948  6 55872.73411375 26.217
 124 301.879991 -32.338138     3.546     2.287  5 55882.64976374 27.734
 125 301.880137 -32.337130     5.790     5.950  6 55892.56540698 23.441
 126 301.880971 -32.335992     3.214     2.254  6 55902.48104465 28.266
 127 301.881424 -32.336037     3.583     2.381  5 55912.39668092 24.019
 128 301.876852 -32.337776     1.972     1.869  5 55922.31233551 29.372
 129 301.876204 -32.339925     1.588     1.526  5 55932.22798749 44.187
 130 301.876975 -32.338651     2.768     1.571  5 55942.14363466 25.420
 131 301.879269 -32.338965     2.778     2.879  5 55952.05927780 29.638
 132 301.879513 -32.338553     1.413     1.321  5 55961.97491716 47.970
 133 301.877784 -32.337092     2.146     2.139  5 55971.89055425 47.731
 134 301.879236 -32.338753     2.563     2.078  5 55981.80619118 28.998
 135 301.881305 -32.335739     5.140     5.083  6 55991.72182593 23.982
 136 301.882004 -32.335737     7.676     8.365  5 56001.63747329 24.560
 137 301.881109 -32.336493     7.080     6.958  6 56011.55312395 22.404
 138 301.879365 -32.337649     3.035     3.157  6 56021.46877077 23.520
 139 301.877456 -32.339759     1.851     1.875  5 56031.38441453 42.207
 140 301.875171 -32.338780     1.884     1.849  5 56041.30005532 30.230
 141 301.876693 -32.339854     0.850     0.926  5 56051.21569430 33.560
 142 301.879325 -32.338240     2.033     2.019  5 56061.13133001 38.344
 143 301.882044 -32.336376     4.462     4.950  6 56071.04696720 36.460
 144 301.880257 -32.338140     5.480     6.070  5 56080.96261744 24.799
 145 301.877151 -32.338360     1.672     1.597  5 56090.87826479 43.810
 146 301.875590 -32.338844     3.533     2.147  5 56100.79391009 34.868
 147 301.876398 -32.339057     7.959     9.180  5 56110.70954161 25.994
 148 301.878790 -32.337011     6.666     7.225  5 56120.62518117 22.858
 149 301.882618 -32.335548     2.028     2.149  5 56130.54081739 30.130
 150 301.884442 -32.333839     2.312     2.311  5 56140.45645088 51.115
 151 301.880962 -32.336580     2.414     2.371  6 56150.37210185 50.418
 152 301.878257 -32.337931     9.539     9.631  5 56160.28775055 33.489
 153 301.877846 -32.338081     2.294     2.182  5 56170.20339756 51.642
 154 301.879150 -32.336674     7.927     9.068  5 56180.11904059 29.336
 155 301.881517 -32.336898     8.336     9.236  5 56190.03467997 33.805
 156 301.881698 -32.335455     2.682     2.806  6 56199.95031598 52.504
 157 301.882369 -32.335669     8.167     8.170  5 56209.86595018 34.125
 158 301.883055 -32.334418     5.221     5.186  5 56219.78158254 33.503
 159 301.881652 -32.336192     3.900     3.900  6 56229.69723199 43.813
 160 301.879637 -32.336553     4.314     4.261  5 56239.61288584 32.697
 161 301.878577 -32.337707     3.522     3.280  5 56249.52853611 27.048
 162 301.878206 -32.338169     3.188     3.026  5 56259.44418142 32.064
 163 301.877166 -32.337401     3.150     3.131  5 56269.35982350 48.810
 164 301.878364 -32.339267     9.628     9.895  5 56279.27546439 30.112
 165 301.876746 -32.339600     4.756     4.680  5 56289.19111476 42.515
 166 301.876612 -32.339036     4.348     4.214  5 56299.10676309 36.715
 167 301.877126 -32.338214     5.492     5.493  5 56309.02240741 52.691
 168 301.877661 -32.338638     2.865     2.832  5 56318.93804971 40.894
 169 301.876260 -32.337940     2.344     1.746  5 56328.85369079 25.260
 170 301.876385 -32.337937     2.111     2.027  5 56338.76933142 30.518
 171 301.879501 -32.339011     9.481     9.538  5 56348.68497062 26.211
 172 301.881872 -32.335828     2.257     2.289  5 56358.60060599 40.586
 173 301.880262 -32.337705     4.023     4.016  5 56368.51625731 31.296
 175 301.874898 -32.340468     3.420     3.466  5 56388.34755112 51.780
 176 301.874312 -32.340940     4.515     4.419  5 56398.26319433 47.620
 177 301.875186 -32.339959     3.859     3.784  5 56408.17883471 52.870
 178 301.878384 -32.339547     3.880     3.774  5 56418.09447121 49.851
 179 301.880914 -32.335420     5.629     5.107  5 56428.01010219 26.857
 180 301.878058 -32.337591     3.110     3.014  5 56437.92575574 50.949
 181 301.876340 -32.340672     2.867     3.174  5 56447.84140721 30.907
 182 301.875107 -32.341160     5.197     4.781  5 56457.75705620 27.032
 183 301.874730 -32.340091     3.437     3.788  5 56467.67270187 27.596
 184 301.875498 -32.338338     6.604     6.195  5 56477.58834344 25.387
 185 301.878485 -32.338845     8.259     9.175  5 56487.50398194 30.648
 186 301.880034 -32.337534     3.630     3.625  5 56497.41961714 47.349
 187 301.881961 -32.336394     2.896     2.963  6 56507.33525096 35.402
 188 301.883392 -32.334416     4.087     3.257  5 56517.25088675 26.021
 189 301.881532 -32.335457     3.447     3.530  6 56527.16654055 31.702
 190 301.881437 -32.337342     3.270     3.226  5 56537.08219045 43.045
 192 301.877400 -32.337151     3.956     4.113  5 56556.91347894 30.738
 193 301.877364 -32.339617     3.769     3.616  5 56566.82912196 29.486
 194 301.877518 -32.339371     7.952     9.125  5 56576.74476341 24.381
 195 301.879213 -32.337098     3.514     3.370  5 56586.66040145 22.326
 196 301.881186 -32.335956     3.827     3.761  5 56596.57604135 32.202
 197 301.879164 -32.338342     9.633     9.734  5 56606.49169426 31.297
 198 301.876386 -32.337855     5.191     5.162  5 56616.40734152 35.983
 199 301.876851 -32.339543     4.444     4.410  5 56626.32298585 31.885
 200 301.877574 -32.338240     3.700     3.699  5 56636.23862663 27.375
 201 301.879785 -32.336778     2.613     2.643  5 56646.15426660 27.020
 202 301.878188 -32.337299     2.365     2.419  5 56656.06991888 47.033
 203 301.877363 -32.338348     2.459     2.516  5 56665.98556702 39.112
 204 301.875926 -32.338313     2.751     2.715  5 56675.90121250 29.637
 205 301.875234 -32.338524     6.497     5.765  5 56685.81685724 23.118
 206 301.876915 -32.339992     5.975     6.356  5 56695.73250060 28.080
 207 301.878912 -32.337592     4.874     4.472  5 56705.64813874 23.373
 208 301.881895 -32.335405     7.154     6.973  6 56715.56377151 28.353
 209 301.877645 -32.337220    14.714     9.049  5 56725.47942540 15.235
 210 301.874545 -32.340799     3.825     4.009  5 56735.39507578 30.135
 211 301.871661 -32.340738     3.827     3.793  4 56745.31072179 50.680
 212 301.873065 -32.340393     9.565     9.520  5 56755.22636360 23.162
 213 301.877334 -32.338984     4.578     4.534  5 56765.14199967 33.097
 214 301.880015 -32.337861     2.702     2.609  5 56775.05763728 38.260
 215 301.875295 -32.338481     4.384     4.278  5 56784.97329325 53.528
 216 301.872042 -32.341571     9.321     9.534  4 56794.88894640 28.223
 217 301.869949 -32.342456     3.635     3.671  5 56804.80459559 53.197
 218 301.871745 -32.341393     8.260     8.860  5 56814.72023793 30.822
 219 301.875118 -32.340259     7.577     8.011  5 56824.63587698 32.026
 220 301.878176 -32.338306     9.299     9.285  5 56834.55151196 22.862
 221 301.880784 -32.336527     8.700     8.874  5 56844.46714348 41.676
 222 301.880133 -32.337650     8.844     8.980  5 56854.38278778 34.740
 223 301.877037 -32.338230     4.744     4.665  5 56864.29844088 49.609
 224 301.875561 -32.338672     4.665     4.611  5 56874.21409330 53.310
 225 301.875916 -32.340301     4.107     3.973  5 56884.12974292 29.014
 226 301.875253 -32.339690     3.645     3.676  4 56894.04538880 25.805
 227 301.874042 -32.340374     5.686     5.101  5 56903.96103169 25.590
 228 301.872390 -32.341613     6.902     6.737  4 56913.87667294 32.172
 229 301.872361 -32.341423     4.192     4.175  5 56923.79231261 29.667
 230 301.874400 -32.338903     5.235     5.277  5 56933.70794973 35.457
 231 301.880141 -32.337697     7.661     7.709  5 56943.62358231 35.763
 232 301.880017 -32.335876     4.088     4.049  5 56953.53922916 33.697
 233 301.877695 -32.337573     4.634     4.527  5 56963.45488009 32.837
 234 301.875681 -32.339540     5.708     5.086  4 56973.37052608 29.992
 235 301.875637 -32.339873     9.396     9.384  5 56983.28616749 29.969
 236 301.878328 -32.337416     9.133     9.205  5 56993.20180364 29.337
 237 301.882545 -32.334690     3.360     3.400  6 57003.11743971 47.462
 238 301.881036 -32.336752     7.462     7.345  6 57013.03309657 28.889
 239 301.878338 -32.337637     4.596     4.644  5 57022.94874780 31.910
 240 301.876077 -32.339656     7.474     7.433  5 57032.86439694 49.069
 241 301.875226 -32.340652     6.538     5.951  5 57042.78004396 35.525
 242 301.875227 -32.339012     4.316     4.271  5 57052.69568839 34.681
 243 301.877297 -32.337240     3.447     3.460  5 57062.61132859 26.608
 244 301.880232 -32.337158     3.984     2.836  5 57072.52696394 23.719
 245 301.881745 -32.336092     4.027     2.988  5 57082.44259491 28.066
 246 301.879420 -32.338671     3.050     2.948  5 57092.35824185 29.604
 247 301.874196 -32.339853     3.067     3.345  5 57102.27389874 24.164
 248 301.873225 -32.340916     1.722     1.686  4 57112.18955218 48.560
 249 301.874929 -32.340253     2.475     2.400  5 57122.10519953 51.998
 250 301.876382 -32.339184     2.044     2.056  5 57132.02084112 52.060
 251 301.877740 -32.338808     1.933     1.998  5 57141.93647795 33.907
 252 301.879137 -32.339168     3.762     3.574  5 57151.85211206 28.570
 253 301.880886 -32.335803     1.993     2.001  5 57161.76774214 50.979
 254 301.879144 -32.337789     3.940     3.791  6 57171.68339955 32.289
 255 301.878197 -32.337448     3.263     3.499  5 57181.59905408 27.655
 256 301.878375 -32.339084     3.870     3.978  5 57191.51470521 27.997
 257 301.877204 -32.340196     3.518     3.664  5 57201.43035292 27.107
 258 301.874699 -32.338880     4.160     4.268  5 57211.34598615 51.945
 259 301.874899 -32.339333     5.348     5.319  5 57221.26162955 49.563
 260 301.876078 -32.338257     6.128     6.131  5 57231.17727132 42.649
 261 301.878457 -32.338114     4.756     4.864  6 57241.09291091 44.757
 262 301.879902 -32.336033     7.483     7.763  5 57251.00854737 34.961
 263 301.881325 -32.335774     7.542     7.567  6 57260.92418231 33.362
 264 301.882234 -32.335593     4.229     3.547  6 57270.83981630 28.405
 265 301.879078 -32.337742     4.540     3.829  5 57280.75547134 24.062
 266 301.877281 -32.338935     9.333     9.413  5 57290.67112698 29.591
 267 301.877140 -32.339998     5.323     4.424  5 57300.58677980 31.265
 268 301.876709 -32.339094     6.367     6.296  5 57310.50242863 31.751
 269 301.875617 -32.339581     7.528     7.511  5 57320.41807423 44.861
 270 301.874128 -32.340150     5.393     5.304  5 57330.33371688 34.619
 271 301.874211 -32.340236     5.724     5.720  5 57340.24935730 36.389
 272 301.874082 -32.341377     6.742     6.739  5 57350.16500748 33.889
 273 301.874941 -32.338647     4.666     4.587  5 57360.08065219 51.897
 274 301.877338 -32.338271     5.369     5.394  5 57369.99629437 46.784
 275 301.878150 -32.338127     9.210     9.176  5 57379.91193434 35.789
 276 301.879084 -32.338934    10.048    10.065  5 57389.82757362 35.979
 277 301.880294 -32.337826     6.800     6.847  5 57399.74321174 54.120
 278 301.881622 -32.335725     3.515     3.356  6 57409.65885063 28.928
 279 301.879706 -32.336922     2.608     2.623  5 57419.57450401 29.597
 280 301.877458 -32.338819     3.981     4.021  5 57429.49015491 26.481
 281 301.874730 -32.340133     4.129     3.989  4 57439.40580319 32.791
 282 301.873112 -32.340749     3.564     3.287  4 57449.32144997 29.059
 283 301.872884 -32.340593     3.222     3.230  4 57459.23709517 34.466
 284 301.875497 -32.340722     4.358     3.301  5 57469.15273736 36.212
 285 301.878186 -32.338311     3.975     3.803  5 57479.06837498 29.472
 286 301.880995 -32.337588     8.915     9.191  5 57488.98400974 33.409
 287 301.882393 -32.334815     7.572     7.584  5 57498.89964214 51.530
 288 301.882265 -32.335440     6.580     6.094  5 57508.81528451 32.325
 289 301.879064 -32.337515     4.357     4.197  5 57518.73094068 30.333
 290 301.877544 -32.338364     4.332     4.160  5 57528.64659403 34.219
 291 301.877951 -32.339433     5.124     4.906  5 57538.56224458 26.708
 292 301.877053 -32.338379     3.576     3.432  5 57548.47789186 42.141
 293 301.876507 -32.339203     2.408     2.369  5 57558.39353790 51.824
 294 301.875230 -32.338797     3.828     3.748  5 57568.30918253 52.183
 295 301.875959 -32.340041     5.297     4.424  5 57578.22482694 38.212
 296 301.875971 -32.337974     3.369     3.268  5 57588.14046907 50.616
 297 301.877046 -32.337929     5.925     3.728  5 57598.05610919 34.144
