-270937.356    36.997     0.00    9.05
-270647.329    37.510     1.77    8.95
-270357.318    38.126     2.12    8.31
-270067.322    37.993    -0.46    8.46
-269777.342    36.474    -5.24    8.76
-269487.377    33.967    -8.65    8.72
-269197.428    30.144   -13.19    9.13
-268907.494    27.002   -10.84    9.85
-268617.576    23.130   -13.36   11.06
-268327.674    19.088   -13.94    9.51
-268037.787    15.467   -12.50    8.21
-267747.916    13.754    -5.91    7.74
-267458.060    12.525    -4.24    7.63
-267168.220    12.502    -0.08    8.18
-266878.395    13.391     3.07    8.60
-266588.586    15.358     6.79    9.24
-266298.792    18.478    10.77    9.65
-266009.014    21.673    11.03    8.93
-265719.251    22.671     3.45    8.00
-265429.504    21.524    -3.96    8.27
-265139.772    19.956    -5.42    8.84
-264850.056    17.057   -10.01   10.59
-264560.356    12.645   -15.23   11.38
-264270.671     8.456   -14.46    9.60
-263981.001     4.790   -12.66    7.24
-263691.347     1.820   -10.26    4.80
-263401.708     0.291    -5.28    2.80
-263112.085     0.398     0.37    2.88
-262822.478     1.865     5.06    3.96
-262532.885     3.391     5.27    4.56
-262243.309     5.017     5.62    5.01
-261953.748     6.746     5.97    5.15
-261664.202     8.694     6.73    4.38
-261374.672    10.408     5.92    4.14
-261085.157    11.112     2.43    5.11
-260795.658    11.761     2.24    5.87
-260506.174    11.956     0.67    6.42
-260216.705    11.345    -2.11    6.69
-259927.252    10.788    -1.93    6.40
-259637.815    10.306    -1.67    6.02
-259348.393     9.981    -1.12    5.94
-259058.986     9.762    -0.76    5.94
-258769.595     9.588    -0.60    5.89
-258480.220    10.031     1.53    5.78
-258190.859     9.799    -0.80    5.14
-257901.514    10.231     1.50    5.25
-257612.185    10.437     0.71    4.92
-257322.871    11.065     2.17    5.16
-257033.573    11.584     1.79    5.43
-256744.289    13.291     5.90    7.27
-256455.022    14.620     4.59    8.10
-256165.770    16.521     6.57    9.22
-255876.533    19.057     8.77   10.08
-255587.311    21.658     8.99   11.04
-255298.105    25.336    12.72   11.95
-255008.915    28.055     9.40   11.51
-254719.739    29.202     3.97   10.82
-254430.580    31.502     7.96   10.74
-254141.435    32.512     3.49   10.60
-253852.306    32.985     1.63    9.90
-253563.192    33.829     2.92    9.39
-253274.094    34.383     1.92    9.25
-252985.011    35.989     5.56    8.72
-252695.944    36.437     1.55    8.42
-252406.892    39.724    11.37    8.85
-252117.855    42.057     8.07    8.01
-251828.833    43.260     4.16    7.83
-251539.827    42.617    -2.22    7.96
-251250.837    40.202    -8.36    8.56
-250961.862    38.555    -5.70    8.22
-250672.902    37.481    -3.72    8.47
-250383.957    35.790    -5.85    7.72
-250095.028    35.333    -1.58    6.89
-249806.114    35.104    -0.79    6.00
-249517.215    35.643     1.87    6.21
-249228.332    36.923     4.43    6.46
-248939.464    38.489     5.43    6.71
-248650.612    40.323     6.35    7.71
-248361.775    42.187     6.46    8.76
-248072.953    46.084    13.50   10.73
-247784.146    49.431    11.59   11.43
-247495.355    51.417     6.88   11.88
-247206.579    53.420     6.94   11.12
-246917.819    55.511     7.24   10.99
-246629.074    54.717    -2.75    9.65
-246340.344    55.187     1.63    9.54
-246051.629    54.799    -1.35    8.51
-245762.930    56.999     7.62    9.63
-245474.246    59.474     8.57    9.95
-245185.577    61.159     5.84   10.59
-244896.924    64.173    10.45   11.60
-244608.286    69.217    17.48   12.10
-244319.663    74.097    16.91   12.01
-244031.055    78.393    14.89   11.30
-243742.463    82.025    12.59   10.16
-243453.886    84.302     7.89    8.18
-243165.325    85.645     4.65    5.65
-242876.778    86.405     2.63    4.73
-242588.247    86.246    -0.55    4.98
-242299.731    86.020    -0.78    5.27
-242011.231    85.291    -2.53    6.06
-241722.745    85.635     1.19    6.67
-241434.275    85.956     1.11    6.68
-241145.821    87.402     5.02    6.05
-240857.381    88.492     3.78    5.67
-240568.957    89.631     3.95    5.59
-240280.548    91.187     5.40    5.16
-239992.154    92.687     5.20    5.50
-239703.775    94.643     6.78    4.96
-239415.412    96.923     7.91    3.51
-239127.064    98.144     4.24    2.68
-238838.731    98.645     1.74    2.49
-238550.414    98.981     1.17    2.47
-238262.111    98.637    -1.19    2.40
-237973.824    98.520    -0.41    2.38
-237685.552    98.065    -1.58    2.45
-237397.295    97.142    -3.20    2.77
-237109.054    95.173    -6.83    4.83
-236820.828    92.794    -8.25    6.60
-236532.617    89.724   -10.65    8.16
-236244.421    86.417   -11.48    9.03
-235956.240    81.275   -17.84    9.42
-235668.075    77.948   -11.55    9.37
-235379.924    74.099   -13.36    8.23
-235091.789    71.057   -10.56    6.45
-234803.670    70.231    -2.87    6.03
-234515.565    70.474     0.84    6.70
-234227.475    71.231     2.63    6.98
-233939.401    71.840     2.11    6.71
-233651.342    72.747     3.15    5.83
-233363.298    72.171    -2.00    5.49
-233075.269    70.452    -5.97    6.54
-232787.256    67.481   -10.32    7.59
-232499.257    64.674    -9.75    7.34
-232211.274    62.622    -7.12    6.61
-231923.306    61.231    -4.83    6.09
-231635.353    60.923    -1.07    5.98
-231347.415    61.038     0.40    6.58
-231059.492    61.731     2.41    7.31
-230771.585    63.040     4.55    8.15
-230483.693    65.202     7.51    7.62
-230195.815    67.245     7.10    6.67
-229907.953    68.540     4.50    6.26
-229620.107    69.202     2.30    6.27
-229332.275    70.080     3.05    6.42
-229044.458    70.702     2.16    5.90
-228756.657    70.275    -1.48    6.51
-228468.870    70.111    -0.57    6.69
-228181.099    67.492    -9.10    8.09
-227893.343    63.917   -12.43    9.12
-227605.602    60.045   -13.46    9.47
-227317.876    55.540   -15.66    9.68
-227030.165    51.590   -13.73   10.23
-226742.469    47.967   -12.60    9.16
-226454.789    45.038   -10.18    7.77
-226167.123    43.602    -4.99    6.65
-225879.473    42.850    -2.61    5.95
-225591.838    43.941     3.79    6.55
-225304.217    45.605     5.78    7.09
-225016.612    47.933     8.10    6.86
-224729.022    50.262     8.10    5.93
-224441.447    51.937     5.83    5.29
-224153.888    52.868     3.24    4.58
-223866.343    52.761    -0.37    4.59
-223578.813    52.275    -1.69    4.45
-223291.298    52.202    -0.25    4.84
-223003.799    51.378    -2.87    5.25
-222716.314    50.755    -2.17    5.92
-222428.845    50.231    -1.82    6.37
-222141.391    49.724    -1.76    6.44
-221853.951    49.102    -2.16    6.46
-221566.527    48.999    -0.36    6.23
-221279.118    48.993    -0.02    5.48
-220991.724    49.695     2.44    4.98
-220704.345    50.478     2.72    4.53
-220416.981    50.909     1.50    4.24
-220129.632    51.290     1.33    3.96
-219842.298    51.017    -0.95    4.33
-219554.979    50.055    -3.35    4.95
-219267.675    48.782    -4.43    6.25
-218980.386    46.988    -6.24    7.14
-218693.112    44.811    -7.58    7.27
-218405.853    42.535    -7.92    6.55
-218118.609    40.540    -6.95    6.18
-217831.381    38.671    -6.51    5.82
-217544.167    37.894    -2.71    5.64
-217256.968    37.378    -1.79    5.66
-216969.784    36.805    -2.00    5.58
-216682.615    36.653    -0.53    6.40
-216395.462    35.745    -3.16    5.96
-216108.323    35.854     0.38    6.38
-215821.199    36.158     1.06    6.66
-215534.090    36.050    -0.38    6.82
-215246.997    37.202     4.01    7.65
-214959.918    39.057     6.46    7.54
-214672.854    39.362     1.06    6.97
-214385.805    38.724    -2.22    5.93
-214098.771    38.864     0.49    5.41
-213811.752    38.614    -0.87    5.30
-213524.749    38.898     0.99    5.04
-213237.760    39.429     1.85    5.60
-212950.786    41.232     6.28    6.25
-212663.827    41.790     1.95    5.83
-212376.883    41.731    -0.21    7.08
-212089.953    40.550    -4.12    7.58
-211803.039    39.002    -5.39    8.01
-211516.140    38.351    -2.27    8.30
-211229.256    37.187    -4.06    7.84
-210942.387    36.717    -1.64    7.55
-210655.532    37.025     1.08    7.28
-210368.693    36.724    -1.05    7.33
-210081.868    35.400    -4.62    8.02
-209792.629    32.599    -9.68    9.23
-209502.565    30.289    -7.96    9.67
-209212.517    28.595    -5.84    9.02
-208922.484    26.686    -6.58    8.04
-208632.466    25.515    -4.04    7.94
-208342.463    23.643    -6.46    7.67
-208052.476    22.731    -3.15    7.54
-207762.504    20.570    -7.45    5.98
-207472.548    19.417    -3.98    4.79
-207182.607    18.291    -3.88    3.80
-206892.681    18.455     0.57    4.16
-206602.770    19.378     3.18    5.36
-206312.875    21.290     6.60    6.64
-206022.995    22.898     5.55    7.33
-205733.131    24.400     5.18    7.74
-205443.281    26.217     6.27    7.77
-205153.447    27.599     4.77    6.89
-204863.628    30.323     9.40    6.66
-204573.825    32.520     7.58    6.75
-204284.037    35.463    10.16    6.76
-203994.264    38.790    11.48    7.31
-203704.506    42.560    13.01    8.02
-203414.764    45.666    10.72    7.57
-203125.037    48.202     8.75    6.96
-202835.325    49.993     6.18    6.98
-202545.628    51.739     6.03    6.56
-202255.947    52.570     2.87    6.41
-201966.281    52.608     0.13    6.34
-201676.630    52.831     0.77    6.37
-201386.995    54.302     5.08    6.05
-201097.374    55.805     5.19    6.05
-200807.769    57.584     6.15    5.96
-200518.179    60.277     9.30    6.80
-200228.605    62.658     8.22    6.93
-199939.045    64.874     7.65    5.94
-199649.501    65.321     1.55    5.74
-199359.973    64.628    -2.39    6.17
-199070.459    62.993    -5.65    7.64
-198780.960    59.470   -12.17    9.13
-198491.477    55.535   -13.60    8.99
-198202.009    51.967   -12.33    8.55
-197912.557    48.963   -10.38    7.52
-197623.119    45.792   -10.96    6.84
-197333.697    43.174    -9.05    6.82
-197044.289    40.488    -9.28    7.05
-196754.898    37.126   -11.62    6.75
-196465.521    34.040   -10.66    6.92
-196176.159    31.878    -7.47    6.28
-195886.813    30.040    -6.35    6.05
-195597.482    29.130    -3.15    6.41
-195308.166    28.130    -3.46    6.40
-195018.865    27.275    -2.95    7.18
-194729.579    27.340     0.22    7.78
-194440.309    26.320    -3.53    7.46
-194151.054    25.663    -2.27    7.30
-193861.814    24.217    -5.00    7.09
-193572.589    22.988    -4.25    6.71
-193283.379    22.202    -2.72    6.36
-192994.185    21.247    -3.30    5.92
-192705.005    19.777    -5.08    5.18
-192415.841    18.489    -4.45    4.54
-192126.692    17.923    -1.96    3.90
-191837.558    17.565    -1.24    3.16
-191548.439    17.028    -1.86    2.54
-191259.335    16.317    -2.46    2.39
-190970.247    15.802    -1.78    2.46
-190681.174    15.500    -1.05    2.45
-190392.115    14.948    -1.91    2.48
-190103.072    14.423    -1.82    2.20
-189814.044    14.496     0.25    2.51
-189525.032    15.060     1.95    2.76
-189236.034    15.788     2.52    3.18
-188947.051    16.555     2.65    3.33
-188658.084    17.478     3.19    3.62
-188369.131    18.262     2.72    3.61
-188080.194    19.398     3.93    4.13
-187791.272    20.429     3.57    4.40
-187502.365    21.849     4.92    4.92
-187213.473    23.388     5.33    4.83
-186924.596    24.790     4.85    4.66
-186635.735    25.731     3.26    4.84
-186346.888    27.050     4.57    4.79
-186058.057    28.171     3.88    5.07
-185769.240    29.555     4.79    5.47
-185480.439    32.305     9.52    6.57
-185191.653    34.174     6.47    6.45
-184902.881    35.445     4.40    6.20
-184614.125    36.666     4.23    5.90
-184325.384    37.658     3.44    5.35
-184036.658    38.414     2.62    5.11
-183747.947    39.590     4.07    5.38
-183459.252    41.381     6.20    5.69
-183170.571    43.043     5.76    5.71
-182881.905    44.431     4.81    5.60
-182593.254    45.246     2.82    5.43
-182304.619    45.158    -0.31    6.05
-182015.998    45.278     0.42    6.17
-181727.393    44.414    -3.00    7.00
-181438.802    41.584    -9.81    8.36
-181150.227    40.187    -4.84    8.29
-180861.667    38.386    -6.24    8.07
-180573.121    36.101    -7.92    8.44
-180284.591    33.072   -10.50    8.41
-179996.076    29.761   -11.48    9.03
-179707.576    27.498    -7.84    8.72
-179419.090    25.364    -7.40    8.04
-179130.620    22.521    -9.86    5.82
-178842.165    21.402    -3.88    4.42
-178553.725    20.545    -2.97    4.16
-178265.300    21.070     1.82    4.44
-177976.889    22.731     5.76    5.10
-177688.494    24.940     7.66    5.81
-177400.114    27.111     7.53    6.86
-177111.749    30.323    11.14    7.91
-176823.399    33.320    10.39    7.09
-176535.064    35.745     8.41    5.66
-176246.744    37.084     4.65    4.26
-175958.439    37.202     0.41    3.91
-175670.148    35.351    -6.42    5.22
-175381.873    33.444    -6.62    6.00
-175093.613    31.467    -6.86    6.21
-174805.368    30.217    -4.34    6.20
-174517.137    29.860    -1.24    6.02
-174228.922    30.674     2.83    6.59
-173940.722    32.628     6.78    7.73
-173652.536    36.245    12.55    8.44
-173364.366    39.565    11.52    8.48
-173076.211    42.978    11.85    7.02
-172788.070    45.611     9.14    5.96
-172499.945    46.521     3.16    5.03
-172211.834    47.445     3.21    4.95
-171923.738    47.275    -0.59    5.50
-171635.658    46.349    -3.22    6.18
-171347.592    45.944    -1.41    7.29
-171059.541    44.277    -5.79    7.87
-170771.505    43.775    -1.74    9.27
-170483.484    41.520    -7.83    9.90
-170195.478    39.970    -5.38   10.11
-169907.487    38.117    -6.44    9.40
-169619.511    36.478    -5.69    8.60
-169331.550    34.011    -8.57    7.82
-169043.604    32.278    -6.02    7.50
-168755.672    30.025    -7.82    7.16
-168467.756    28.217    -6.28    6.35
-168179.854    26.034    -7.58    6.12
-167891.967    24.653    -4.80    5.80
-167604.096    23.805    -2.95    5.37
-167316.239    23.515    -1.01    5.22
-167028.397    23.142    -1.30    5.18
-166740.570    22.035    -3.85    5.00
-166452.758    20.351    -5.85    5.04
-166164.960    18.565    -6.21    5.02
-165877.178    17.038    -5.31    4.75
-165589.410    15.496    -5.36    4.24
-165301.658    14.145    -4.70    3.22
-165013.920    13.408    -2.56    2.19
-164726.197    13.080    -1.14    2.13
-164438.489    13.761     2.37    2.58
-164150.796    14.142     1.33    2.65
-163863.117    14.521     1.32    2.60
-163575.454    14.695     0.60    2.49
-163287.805    15.038     1.19    2.31
-163000.172    15.217     0.62    2.15
-162712.553    15.505     1.00    2.17
-162424.949    15.952     1.56    1.98
-162137.360    16.323     1.29    1.79
-161849.785    16.305    -0.06    1.86
-161562.226    16.097    -0.72    1.98
-161274.681    15.823    -0.95    2.25
-160987.151    15.883     0.21    2.31
-160699.636    15.883     0.00    2.39
-160412.136    15.786    -0.34    2.51
-160124.651    15.555    -0.80    2.83
-159837.180    14.873    -2.37    2.70
-159549.725    14.246    -2.18    2.72
-159262.284    13.985    -0.91    2.32
-158974.858    13.474    -1.78    1.92
-158687.447    13.420    -0.19    1.76
-158400.050    13.232    -0.65    1.68
-158112.668    13.481     0.87    1.97
-157825.302    14.005     1.82    2.31
-157537.950    14.414     1.42    2.76
-157250.612    15.507     3.80    3.37
-156963.290    16.351     2.94    3.72
-156675.982    17.302     3.31    3.96
-156388.690    18.275     3.38    3.94
-156101.411    18.247    -0.10    4.11
-155814.148    18.338     0.32    4.09
-155526.900    18.232    -0.37    4.13
-155239.666    18.246     0.05    4.10
-154952.447    18.025    -0.77    4.02
-154665.243    17.845    -0.63    4.18
-154378.054    17.202    -2.24    4.03
-154090.879    16.849    -1.23    3.81
-153803.719    16.628    -0.77    3.67
-153516.574    16.170    -1.60    3.38
-153229.444    15.878    -1.01    2.89
-152942.328    15.869    -0.03    2.58
-152655.227    15.845    -0.08    2.21
-152368.141    15.760    -0.30    1.89
-152081.070    15.878     0.41    1.75
-151794.013    15.775    -0.36    1.77
-151506.971    16.001     0.79    1.71
-151219.944    16.277     0.96    1.87
-150932.932    16.545     0.93    2.27
-150645.934    17.276     2.55    2.89
-150358.951    17.945     2.33    2.94
-150071.983    18.515     1.99    3.04
-149785.029    19.388     3.04    3.00
-149498.091    20.038     2.26    3.03
-149211.167    20.686     2.26    2.99
-148924.257    21.187     1.75    2.90
-148637.363    21.694     1.77    2.68
-148350.483    22.449     2.63    2.74
-148063.618    22.883     1.52    3.02
-147775.770    23.334     1.57    3.22
-147485.715    24.455     3.87    3.85
-147195.675    25.494     3.58    4.59
-146905.651    27.496     6.91    5.74
-146615.641    29.078     5.46    6.09
-146325.647    30.854     6.13    5.83
-146035.668    31.717     2.97    5.22
-145745.703    31.948     0.80    4.49
-145455.754    31.545    -1.39    4.73
-145165.820    30.626    -3.17    4.85
-144875.901    29.989    -2.20    4.45
-144585.997    29.157    -2.87    4.41
-144296.108    30.067     3.14    5.32
-144006.235    31.117     3.62    6.35
-143716.376    32.396     4.41    6.95
-143426.532    34.717     8.01    7.41
-143136.703    37.702    10.30    6.98
-142846.890    40.294     8.95    7.10
-142557.091    42.628     8.06    7.38
-142267.308    45.635    10.37    7.88
-141977.539    48.502     9.90    7.64
-141687.785    51.445    10.16    7.11
-141398.047    53.840     8.27    6.11
-141108.324    54.731     3.08    6.57
-140818.615    54.663    -0.24    7.07
-140528.922    53.858    -2.78    8.34
-140239.243    53.941     0.29    9.29
-139949.580    53.869    -0.25    9.66
-139659.932    53.745    -0.43    9.96
-139370.298    53.097    -2.24    9.10
-139080.680    54.511     4.88    9.30
-138791.077    55.292     2.70    8.65
-138501.488    56.632     4.63    8.73
-138211.915    59.893    11.26    9.79
-137922.357    64.246    15.03   10.80
-137632.813    69.474    18.06   10.74
-137343.285    74.536    17.48   10.85
-137053.771    78.784    14.68   10.82
-136764.273    83.353    15.78   10.32
-136474.790    87.020    12.67    9.27
-136185.321    90.086    10.59    7.80
-135895.868    93.584    12.09    6.88
-135606.429    95.531     6.73    6.70
-135317.006    96.625     3.78    6.17
-135027.597    97.320     2.40    5.52
-134738.204    96.393    -3.20    6.08
-134448.825    94.555    -6.35    7.13
-134159.461    92.114    -8.44    8.14
-133870.112    90.288    -6.31    7.51
-133580.779    89.160    -3.90    6.63
-133291.460    88.579    -2.01    5.91
-133002.156    88.801     0.77    5.54
-132712.867    90.349     5.35    4.94
-132423.593    91.647     4.49    4.15
-132134.334    92.306     2.28    3.72
-131845.090    91.981    -1.12    3.77
-131555.860    90.888    -3.78    4.10
-131266.646    89.246    -5.68    4.69
-130977.447    87.187    -7.12    4.94
-130688.262    85.112    -7.17    4.79
-130399.093    82.580    -8.76    5.44
-130109.938    80.232    -8.12    6.02
-129820.798    76.903   -11.51    7.40
-129531.673    74.172    -9.45    7.99
-129242.564    71.333    -9.82    7.99
-128953.468    68.420   -10.08    8.11
-128664.388    66.078    -8.10    8.29
-128375.323    64.937    -3.95    8.64
-128086.273    63.342    -5.52    9.38
-127797.237    63.366     0.08   10.89
-127508.217    64.334     3.35   12.20
-127219.211    66.666     8.07   12.77
-126930.220    68.996     8.06   12.01
-126641.245    69.786     2.73   11.08
-126352.283    70.246     1.59   11.48
-126063.337    69.883    -1.26   11.76
-125774.406    68.246    -5.67   12.52
-125485.490    67.492    -2.61   12.50
-125196.588    67.650     0.55   11.69
-124907.701    67.530    -0.41   10.33
-124618.830    67.429    -0.35    8.72
-124329.973    66.664    -2.65    8.25
-124041.130    66.747     0.29    7.81
-123752.303    66.202    -1.89    7.78
-123463.491    64.898    -4.52    7.39
-123174.693    64.140    -2.63    6.27
-122885.910    63.536    -2.09    6.30
-122597.142    63.070    -1.61    6.17
-122308.389    62.020    -3.64    5.86
-122019.651    59.981    -7.06    6.67
-121730.928    58.383    -5.54    6.81
-121442.219    56.157    -7.71    7.03
-121153.525    52.635   -12.20    7.59
-120864.846    49.231   -11.79    8.49
-120576.182    45.820   -11.82    8.94
-120287.533    42.429   -11.75    9.05
-119998.898    40.481    -6.75    8.98
-119710.279    37.724    -9.55    8.69
-119421.674    35.540    -7.57    8.96
-119133.084    33.304    -7.75    8.75
-118844.509    31.525    -6.16    8.86
-118555.948    29.709    -6.29    7.96
-118267.402    27.826    -6.53    7.66
-117978.871    25.481    -8.13    7.43
-117690.355    22.540   -10.20    7.59
-117401.854    20.420    -7.35    7.44
-117113.367    18.666    -6.08    6.81
-116824.896    17.429    -4.29    6.08
-116536.439    16.082    -4.67    4.71
-116247.996    14.650    -4.97    4.30
-115959.569    13.762    -3.08    4.50
-115671.156    12.959    -2.78    4.49
-115382.758    11.981    -3.39    4.44
-115094.375    10.963    -3.53    3.59
-114806.007    10.799    -0.57    3.27
-114517.653    12.333     5.32    4.89
-114229.314    14.275     6.74    5.55
-113940.990    16.155     6.52    6.00
-113652.681    19.128    10.31    5.80
-113364.386    21.607     8.60    5.82
-113076.106    24.441     9.83    6.65
-112787.841    27.820    11.72    7.85
-112499.591    30.651     9.83    7.94
-112211.355    33.349     9.36    7.03
-111923.134    35.540     7.60    5.32
-111634.928    35.967     1.48    4.85
-111346.736    35.550    -1.45    4.89
-111058.559    33.981    -5.44    5.62
-110770.397    32.802    -4.09    5.79
-110482.250    31.231    -5.45    6.21
-110194.117    28.933    -7.98    6.53
-109905.999    27.959    -3.38    6.24
-109617.896    27.366    -2.06    5.37
-109329.808    27.868     1.74    5.12
-109041.734    27.632    -0.82    4.70
-108753.675    27.202    -1.49    4.84
-108465.630    27.065    -0.47    4.64
-108177.600    27.774     2.46    4.60
-107889.585    27.805     0.11    4.38
-107601.585    27.909     0.36    4.37
-107313.599    29.186     4.44    4.84
-107025.628    30.858     5.81    4.79
-106737.672    33.099     7.78    5.24
-106449.730    35.393     7.97    5.67
-106161.803    37.674     7.92    5.92
-105873.891    40.188     8.73    6.22
-105585.993    42.584     8.32    5.47
-105298.110    44.114     5.31    4.38
-105010.242    44.467     1.23    4.03
-104722.388    44.202    -0.92    4.37
-104434.549    42.492    -5.94    5.24
-104146.725    40.854    -5.69    5.52
-103858.915    38.724    -7.40    5.79
-103571.120    36.933    -6.22    5.50
-103283.340    35.423    -5.25    5.61
-102995.574    33.808    -5.61    5.60
-102707.823    33.340    -1.63    6.28
-102420.086    33.011    -1.14    6.72
-102132.365    33.349     1.18    6.70
-101844.657    33.288    -0.21    7.16
-101556.965    32.423    -3.01    6.74
-101269.287    31.366    -3.67    7.14
-100981.623    31.292    -0.26    6.60
-100693.975    31.847     1.93    6.27
-100406.340    32.020     0.60    6.00
-100118.721    31.888    -0.46    5.52
 -99831.116    31.796    -0.32    5.14
 -99543.526    31.084    -2.48    5.44
 -99255.950    30.417    -2.32    5.74
 -98968.389    28.550    -6.49    5.84
 -98680.842    26.632    -6.67    5.91
 -98393.310    24.599    -7.07    5.90
 -98105.793    21.694   -10.10    6.34
 -97818.290    19.788    -6.63    6.52
 -97530.802    17.345    -8.50    7.02
 -97243.329    14.492    -9.93    7.11
 -96955.870    11.687    -9.76    6.40
 -96668.425     9.920    -6.15    5.53
 -96380.995     8.687    -4.29    4.91
 -96093.580     7.444    -4.33    4.44
 -95806.180     6.347    -3.82    4.06
 -95518.793     6.045    -1.05    4.37
 -95231.422     6.334     1.01    5.30
 -94944.065     6.396     0.21    6.03
 -94656.722     6.485     0.31    6.64
 -94369.395     6.414    -0.25    6.95
 -94082.081     5.808    -2.11    6.26
 -93794.782     5.127    -2.37    5.73
 -93507.498     4.396    -2.55    4.87
 -93220.228     3.550    -2.94    4.35
 -92932.973     3.188    -1.26    4.65
 -92645.733     2.579    -2.12    4.36
 -92358.507     1.632    -3.30    3.95
 -92071.295     0.864    -2.68    3.50
 -91784.098     0.248    -2.14    2.35
 -91496.916    -0.336    -2.03    1.44
 -91209.748    -0.589    -0.88    1.38
 -90922.594    -0.912    -1.12    1.23
 -90635.455    -0.870     0.14    1.61
 -90348.331    -0.798     0.25    1.74
 -90061.221    -0.857    -0.20    1.60
 -89774.125    -0.891    -0.12    1.68
 -89487.045    -0.306     2.04    2.77
 -89199.978     0.260     1.97    3.71
 -88912.926     0.492     0.81    3.76
 -88625.889     0.695     0.71    3.97
 -88338.866     1.067     1.30    4.14
 -88051.858     1.467     1.39    4.46
 -87764.864     1.595     0.45    4.20
 -87477.884     0.940    -2.29    3.55
 -87190.919     1.202     0.91    3.46
 -86903.969     1.437     0.82    3.57
 -86617.033     2.031     2.07    4.16
 -86330.111     2.423     1.36    4.72
 -86043.204     2.746     1.13    5.26
 -85756.312     3.355     2.12    5.90
 -85466.642     3.702     1.20    5.97
 -85176.610     4.963     4.35    5.95
 -84886.594     6.038     3.71    5.18
 -84596.592     6.160     0.42    4.57
 -84306.605     5.996    -0.56    4.14
 -84016.633     5.231    -2.64    4.30
 -83726.675     3.605    -5.61    4.48
 -83436.733     1.832    -6.11    4.02
 -83146.805     0.584    -4.30    3.01
 -82856.893    -0.533    -3.86    2.09
 -82566.995    -1.169    -2.19    1.94
 -82277.111    -1.276    -0.37    1.86
 -81987.243    -1.201     0.26    2.23
 -81697.389    -0.489     2.46    2.84
 -81407.551     0.623     3.84    3.87
 -81117.727     1.963     4.62    4.84
 -80827.917     4.304     8.08    5.57
 -80538.123     6.531     7.69    5.99
 -80248.344     9.057     8.72    6.11
 -79958.579    11.368     7.98    5.30
 -79668.829    13.408     7.04    4.30
 -79379.093    14.663     4.33    3.17
 -79089.373    15.142     1.65    2.57
 -78799.667    15.188     0.16    2.24
 -78509.977    14.679    -1.75    2.59
 -78220.300    13.349    -4.59    3.45
 -77930.639    11.617    -5.98    3.92
 -77640.992     9.158    -8.49    4.80
 -77351.361     6.863    -7.92    4.85
 -77061.744     4.944    -6.63    4.69
 -76772.141     2.709    -7.72    4.22
 -76482.554     0.989    -5.94    3.67
 -76192.981     0.186    -2.77    3.21
 -75903.423    -0.268    -1.57    3.04
 -75613.880    -0.511    -0.84    3.04
 -75324.351    -0.692    -0.63    2.93
 -75034.837    -0.577     0.40    2.90
 -74745.338    -0.380     0.68    2.67
 -74455.854    -0.153     0.79    2.35
 -74166.384     0.043     0.67    2.20
 -73876.929     0.143     0.35    2.59
 -73587.489     0.914     2.66    3.30
 -73298.064     2.202     4.45    4.25
 -73008.653     3.762     5.39    4.77
 -72719.257     5.050     4.45    5.10
 -72429.876     6.396     4.65    4.67
 -72140.509     6.985     2.04    4.16
 -71851.158     6.849    -0.47    4.25
 -71561.820     6.171    -2.35    4.43
 -71272.498     5.246    -3.20    4.32
 -70983.190     3.924    -4.57    3.95
 -70693.897     2.933    -3.43    3.00
 -70404.619     2.408    -1.82    2.59
 -70115.355     2.579     0.59    2.93
 -69826.106     3.320     2.56    3.57
 -69536.872     3.832     1.77    3.85
 -69247.652     4.893     3.67    4.15
 -68958.447     5.141     0.86    3.75
 -68669.257     5.334     0.67    3.57
 -68380.082     5.788     1.57    3.68
 -68090.921     6.202     1.43    4.17
 -67801.775     7.614     4.88    5.50
 -67512.643     8.389     2.68    6.43
 -67223.526     9.570     4.09    7.32
 -66934.424     9.580     0.04    7.56
 -66645.336     9.660     0.27    7.50
 -66356.263     9.188    -1.63    6.99
 -66067.205     8.628    -1.94    6.17
 -65778.161     9.128     1.73    5.80
 -65489.132    10.247     3.87    6.79
 -65200.118    12.459     7.65    8.70
 -64911.118    15.063     9.01    9.99
 -64622.133    17.025     6.79    9.62
 -64333.163    17.902     3.03    8.90
 -64044.207    18.500     2.07    8.40
 -63755.266    18.232    -0.93    7.89
 -63466.339    17.278    -3.30    6.75
 -63177.427    16.595    -2.36    5.60
 -62888.530    16.323    -0.94    4.63
 -62599.647    16.903     2.01    4.03
 -62310.779    17.673     2.66    3.83
 -62021.926    19.142     5.09    3.93
 -61733.087    20.724     5.48    4.27
 -61444.263    22.709     6.87    4.57
 -61155.453    24.414     5.90    4.71
 -60866.658    26.202     6.19    4.51
 -60577.878    28.386     7.56    4.24
 -60289.112    29.275     3.08    4.43
 -60000.361    30.500     4.24    4.16
 -59711.624    31.288     2.73    3.98
 -59422.902    32.067     2.70    3.45
 -59134.194    32.971     3.13    3.09
 -58845.501    33.525     1.92    3.30
 -58556.823    34.740     4.21    3.02
 -58268.159    35.724     3.41    3.00
 -57979.510    36.760     3.59    3.15
 -57690.875    38.362     5.55    4.00
 -57402.255    40.246     6.53    4.51
 -57113.650    42.092     6.40    4.55
 -56825.059    43.614     5.27    4.27
 -56536.482    45.156     5.34    3.65
 -56247.920    46.057     3.12    2.74
 -55959.373    46.088     0.11    2.39
 -55670.840    45.393    -2.41    2.79
 -55382.322    44.496    -3.11    3.14
 -55093.819    43.310    -4.11    3.48
 -54805.329    41.305    -6.95    4.48
 -54516.855    38.494    -9.75    5.68
 -54228.395    34.908   -12.43    6.76
 -53939.949    31.817   -10.72    7.07
 -53651.518    28.511   -11.46    7.11
 -53363.102    25.128   -11.73    6.56
 -53074.700    21.929   -11.09    5.56
 -52786.312    19.686    -7.78    4.89
 -52497.939    17.878    -6.27    4.58
 -52209.581    16.231    -5.71    3.90
 -51921.237    15.622    -2.11    3.52
 -51632.908    15.944     1.12    4.20
 -51344.593    17.023     3.74    5.14
 -51056.293    18.724     5.90    5.54
 -50768.007    20.171     5.02    5.65
 -50479.735    21.974     6.25    5.78
 -50191.478    23.005     3.57    5.58
 -49903.236    24.232     4.26    5.83
 -49615.008    25.656     4.94    5.40
 -49326.795    27.260     5.57    5.32
 -49038.596    28.709     5.03    5.00
 -48750.411    30.001     4.48    5.08
 -48462.241    31.993     6.91    4.64
 -48174.086    33.940     6.76    3.82
 -47885.945    35.172     4.28    3.53
 -47597.818    35.784     2.12    3.70
 -47309.706    36.405     2.16    4.16
 -47021.608    36.452     0.16    4.94
 -46733.525    35.678    -2.69    5.49
 -46445.457    34.967    -2.47    5.96
 -46157.402    33.545    -4.94    6.41
 -45869.362    32.261    -4.46    6.32
 -45581.337    30.790    -5.11    6.19
 -45293.326    29.782    -3.50    5.49
 -45005.330    29.754    -0.10    4.74
 -44717.348    29.355    -1.39    3.92
 -44429.380    29.643     1.00    3.74
 -44141.427    29.632    -0.04    3.66
 -43853.488    29.231    -1.39    3.70
 -43565.564    27.376    -6.44    4.72
 -43277.654    24.893    -8.62    6.25
 -42989.758    21.351   -12.30    7.42
 -42701.877    18.278   -10.67    8.03
 -42414.011    15.055   -11.20    7.65
 -42126.159    12.694    -8.20    6.97
 -41838.321    10.847    -6.41    6.75
 -41550.497     8.608    -7.78    6.90
 -41262.688     6.679    -6.70    6.83
 -40974.894     5.055    -5.64    6.57
 -40687.114     3.292    -6.12    5.75
 -40399.348     0.694    -9.03    3.99
 -40111.596    -0.602    -4.50    2.40
 -39823.859    -1.260    -2.29    1.39
 -39536.137    -1.357    -0.34    1.39
 -39248.429    -1.386    -0.10    1.48
 -38960.735    -1.340     0.16    1.48
 -38673.055    -1.180     0.56    1.68
 -38385.390    -0.858     1.12    1.89
 -38097.740    -0.465     1.37    2.34
 -37810.103     0.324     2.74    2.88
 -37522.481     1.246     3.20    3.76
 -37234.874     3.157     6.64    5.26
 -36947.280     5.130     6.86    6.20
 -36659.702     7.614     8.64    6.96
 -36372.137    10.011     8.34    6.74
 -36084.587    12.111     7.30    6.61
 -35797.051    14.447     8.13    5.71
 -35509.530    15.570     3.90    5.54
 -35222.023    17.112     5.37    4.56
 -34934.530    17.274     0.56    4.04
 -34647.051    17.290     0.06    3.48
 -34359.587    16.540    -2.61    3.51
 -34072.138    14.989    -5.40    4.49
 -33784.702    13.998    -3.45    4.65
 -33497.281    12.820    -4.10    4.24
 -33209.874    12.626    -0.67    3.68
 -32922.482    12.260    -1.27    3.35
 -32635.104    11.831    -1.49    3.81
 -32347.740    11.057    -2.69    4.75
 -32060.390     9.834    -4.26    5.83
 -31773.055     8.498    -4.65    6.18
 -31485.734     6.246    -7.84    5.75
 -31198.428     4.580    -5.80    4.73
 -30911.136     3.492    -3.79    3.49
 -30623.858     3.275    -0.76    2.77
 -30336.594     3.903     2.19    3.16
 -30049.345     5.261     4.73    3.97
 -29762.110     6.701     5.01    4.61
 -29474.889     9.247     8.86    5.56
 -29187.683    11.247     6.97    5.48
 -28900.490    12.898     5.75    4.94
 -28613.312    14.057     4.04    4.24
 -28326.149    14.050    -0.03    4.50
 -28039.000    13.565    -1.69    5.03
 -27751.864    12.550    -3.54    5.28
 -27464.744    10.724    -6.36    4.70
 -27177.637     9.580    -3.98    4.65
 -26890.545     8.294    -4.48    4.45
 -26603.467     7.381    -3.18    4.38
 -26316.403     6.679    -2.44    4.08
 -26029.354     5.666    -3.53    3.66
 -25742.318     4.864    -2.79    3.46
 -25455.298     3.505    -4.74    3.54
 -25168.291     2.792    -2.48    3.18
 -24881.298     2.124    -2.33    2.88
 -24594.320     2.127     0.01    3.18
 -24307.356     1.530    -2.08    3.00
 -24020.406     1.452    -0.27    3.08
 -23733.471     1.423    -0.10    2.80
 -23445.120     1.408    -0.05    2.44
 -23155.093     1.276    -0.45    1.95
 -22865.081     1.264    -0.04    1.64
 -22575.084     1.555     1.00    1.66
 -22285.101     1.709     0.53    1.47
 -21995.132     2.014     1.05    1.57
 -21705.179     1.834    -0.62    1.21
 -21415.239     1.651    -0.63    1.27
 -21125.315     1.127    -1.81    1.46
 -20835.405     0.576    -1.90    1.47
 -20545.509     0.423    -0.53    1.52
 -20255.628     0.467     0.15    1.86
 -19965.762     0.288    -0.62    2.00
 -19675.910    -0.131    -1.45    2.06
 -19386.073    -0.216    -0.29    2.15
 -19096.250    -0.401    -0.64    2.08
 -18806.442    -1.021    -2.14    1.79
 -18516.649    -1.313    -1.01    1.34
 -18226.870    -1.151     0.56    1.63
 -17937.105    -0.883     0.92    1.85
 -17647.355    -0.349     1.85    1.94
 -17357.620     0.141     1.69    2.01
 -17067.899     0.849     2.44    1.84
 -16778.193     1.344     1.71    1.80
 -16488.501     1.820     1.64    1.92
 -16198.824     2.467     2.23    2.17
 -15909.161     3.031     1.95    2.15
 -15619.513     3.378     1.20    2.03
 -15329.879     3.656     0.96    1.80
 -15040.260     3.893     0.82    1.62
 -14750.655     4.092     0.69    1.49
 -14461.065     4.423     1.14    2.65
 -14171.489     5.070     2.23    3.36
 -13881.928     6.334     4.37    4.24
 -13592.382     7.664     4.59    4.43
 -13302.849     9.279     5.58    4.35
 -13013.332    10.643     4.71    3.93
 -12723.829    11.801     4.00    3.47
 -12434.340    12.437     2.20    3.41
 -12144.866    12.347    -0.31    3.58
 -11855.406    12.097    -0.86    3.30
 -11565.961    12.754     2.27    3.72
 -11276.530    13.639     3.06    4.22
 -10987.114    15.570     6.67    5.41
 -10697.712    18.001     8.40    6.51
 -10408.325    19.761     6.08    6.08
 -10118.952    21.318     5.38    5.06
  -9829.594    22.739     4.91    3.96
  -9540.250    22.948     0.72    2.91
  -9250.920    23.076     0.44    1.83
  -8961.605    23.084     0.03    1.78
  -8672.305    22.771    -1.08    2.02
  -8383.019    21.820    -3.29    3.17
  -8093.747    20.290    -5.29    4.37
  -7804.490    18.858    -4.95    4.80
  -7515.247    17.694    -4.02    4.79
  -7226.019    17.107    -2.03    5.22
  -6936.805    16.948    -0.55    5.96
  -6647.605    16.540    -1.41    6.74
  -6358.420    16.622     0.29    7.57
  -6069.250    16.072    -1.90    7.81
  -5780.093    14.580    -5.16    8.08
  -5490.952    12.959    -5.61    8.35
  -5201.824    10.724    -7.73    8.05
  -4912.711     7.868    -9.88    6.75
  -4623.613     5.801    -7.15    5.12
  -4334.529     4.158    -5.69    4.07
  -4045.459     2.811    -4.66    2.57
  -3756.404     2.005    -2.79    1.76
  -3467.363     1.560    -1.54    1.23
  -3178.337     1.447    -0.39    1.13
  -2889.324     2.050     2.08    2.00
  -2600.327     2.632     2.01    2.38
  -2311.343     3.481     2.94    2.69
  -2022.375     4.738     4.35    3.68
  -1733.420     5.171     1.50    3.93
  -1444.480     4.769    -1.39    4.87
  -1155.554     3.426    -4.65    5.71
   -866.643     2.535    -3.08    6.15
   -577.746     2.595     0.21    6.47
   -288.863     2.202    -1.36    6.40
      0.005     1.858    -1.19    6.13
    288.859     2.047     0.65    6.09
    577.699     2.276     0.79    5.40
    866.524     3.277     3.47    4.79
   1155.335     4.126     2.94    3.76
   1444.131     4.156     0.10    3.08
   1732.913     3.686    -1.63    2.47
   2021.681     3.067    -2.14    1.54
   2310.434     2.924    -0.50    1.14
   2599.173     3.381     1.58    1.42
   2887.898     3.580     0.69    1.43
   3176.608     3.686     0.37    1.48
   3465.305     3.853     0.58    1.45
   3753.986     4.201     1.21    1.49
   4042.654     4.459     0.89    1.47
   4331.307     4.740     0.97    1.54
   4619.946     4.782     0.15    2.07
   4908.570     4.989     0.72    2.27
   5197.180     5.078     0.31    2.40
   5485.776     5.097     0.07    2.48
   5774.357     4.909    -0.65    2.50
   6062.925     4.838    -0.25    2.49
   6351.477     5.156     1.10    2.75
   6640.016     5.463     1.06    3.01
   6928.540     5.535     0.25    2.85
   7217.050     5.817     0.98    2.74
   7505.546     5.709    -0.37    2.43
   7794.027     5.709    -0.00    2.17
   8082.494     5.590    -0.41    1.89
   8370.947     5.635     0.16    1.57
   8659.386     5.702     0.23    1.59
   8947.810     5.575    -0.44    1.49
   9236.220     5.678     0.36    1.51
   9524.615     5.775     0.34    1.86
   9812.997     6.326     1.91    2.62
  10101.364     7.097     2.67    3.26
  10389.717     7.664     1.97    3.65
  10678.055     8.362     2.42    3.90
  10966.380     9.878     5.26    5.67
  11254.690    11.924     7.10    6.77
  11542.986    13.437     5.25    7.52
  11831.267    15.482     7.09    8.00
  12119.535    16.873     4.83    8.58
  12407.788    18.411     5.33    8.09
  12696.026    19.478     3.70    7.76
  12984.251    20.579     3.82    7.19
  13272.461    20.914     1.16    6.94
  13560.658    21.599     2.38    6.05
  13848.839    22.092     1.71    5.72
  14137.007    22.687     2.07    5.13
  14425.160    22.500    -0.65    4.87
  14713.300    21.374    -3.91    5.33
  15001.425    19.761    -5.60    5.51
  15289.535    18.353    -4.89    4.68
  15577.632    17.599    -2.62    4.06
  15865.714    18.629     3.58    4.51
  16153.782    19.643     3.52    5.24
  16441.836    22.057     8.38    6.55
  16729.876    24.460     8.34    6.37
  17017.901    26.159     5.90    5.97
  17305.913    27.611     5.04    5.52
  17593.910    27.864     0.88    5.41
  17881.893    27.963     0.34    5.29
  18169.861    27.353    -2.12    5.14
  18457.816    26.173    -4.10    5.23
  18745.756    24.521    -5.74    4.81
  19033.682    23.070    -5.04    3.65
  19321.594    22.414    -2.28    3.22
  19609.492    22.364    -0.17    3.70
  19897.375    22.023    -1.18    3.42
  20185.245    22.276     0.88    3.13
  20473.100    22.584     1.07    2.43
  20760.941    22.540    -0.15    2.10
  21048.768    21.985    -1.93    2.46
  21336.581    21.052    -3.24    3.11
  21624.379    20.305    -2.60    3.72
  21912.164    19.756    -1.91    3.85
  22199.934    19.694    -0.22    4.10
  22487.690    19.952     0.90    3.93
  22775.432    21.128     4.09    4.36
  23063.160    22.738     5.60    5.03
  23350.874    25.172     8.46    5.86
  23638.573    27.717     8.85    6.28
  23926.259    30.121     8.36    5.67
  24213.930    31.429     4.54    4.75
  24501.587    32.611     4.11    3.85
  24789.230    32.782     0.60    3.84
  25076.859    31.362    -4.94    4.86
  25364.474    29.351    -6.99    5.76
  25652.075    27.097    -7.84    6.30
  25939.661    24.502    -9.02    6.30
  26227.234    22.777    -6.00    6.25
  26514.792    21.171    -5.59    5.42
  26802.336    19.202    -6.85    4.20
  27089.866    17.651    -5.39    4.25
  27377.382    16.292    -4.73    4.57
  27664.884    14.580    -5.96    5.14
  27952.372    12.571    -6.99    5.30
  28239.845    10.474    -7.29    4.88
  28527.305     8.955    -5.28    3.87
  28814.750     8.202    -2.62    2.92
  29102.182     8.378     0.62    3.18
  29389.599     9.386     3.51    4.45
  29677.002    11.080     5.90    5.56
  29964.392    13.020     6.75    6.25
  30251.767    15.383     8.22    7.14
  30539.128    17.535     7.49    8.11
  30826.475    18.786     4.35    8.87
  31113.808    20.948     7.52    9.47
  31401.126    22.489     5.36    9.15
  31688.431    24.128     5.70    8.96
  31975.722    25.500     4.77    8.62
  32262.998    26.817     4.58    7.85
  32550.261    27.611     2.76    7.12
  32837.509    27.417    -0.68    6.55
  33124.744    28.070     2.27    6.08
  33411.964    28.858     2.75    5.96
  33699.171    29.941     3.77    6.42
  33986.363    31.408     5.11    6.73
  34273.541    32.784     4.79    6.55
  34560.706    33.868     3.78    5.64
  34847.856    34.863     3.46    5.40
  35134.992    35.873     3.52    5.82
  35422.114    37.455     5.51    6.51
  35709.222    37.275    -0.63    7.31
  35996.316    36.628    -2.25    8.02
  36283.397    35.334    -4.51    9.23
  36570.463    33.524    -6.30   10.31
  36857.515    32.732    -2.76    9.99
  37144.553    31.261    -5.12    9.39
  37431.577    31.080    -0.63    8.66
  37718.587    30.849    -0.81    8.70
  38005.583    32.038     4.14    8.70
  38292.565    33.217     4.11    8.32
  38579.668    33.777     1.95    7.22
  38869.684    34.509     2.52    6.38
  39159.687    34.172    -1.16    6.28
  39449.675    33.863    -1.07    5.96
  39739.649    33.635    -0.79    6.05
  40029.608    31.217    -8.34    6.89
  40319.553    28.321    -9.99    8.43
  40609.484    24.432   -13.41    9.55
  40899.401    21.141   -11.35    9.89
  41189.303    17.709   -11.84    8.91
  41479.191    14.127   -12.36    6.31
  41769.064    12.775    -4.66    5.11
  42058.923    13.679     3.12    8.45
  42348.768    15.878     7.59   11.37
  42638.599    18.401     8.70   13.65
  42928.415    20.792     8.25   14.75
  43218.217    22.565     6.12   14.52
  43508.005    23.545     3.38   13.66
  43797.778    25.014     5.07   12.62
  44087.537    25.525     1.77   10.96
  44377.282    27.673     7.41   10.69
  44667.012    31.817    14.30   11.44
  44956.728    36.202    15.13   13.50
  45246.430    42.262    20.92   14.84
  45536.118    46.769    15.56   12.78
  45825.791    48.941     7.50   11.19
  46115.450    49.336     1.36   11.08
  46405.095    46.864    -8.54   12.81
  46694.725    43.494   -11.64   13.73
  46984.342    39.494   -13.81   13.21
  47273.944    35.769   -12.86   13.60
  47563.531    31.426   -15.00   12.57
  47853.105    28.402   -10.44   11.63
  48142.664    26.590    -6.26   10.77
  48432.209    25.635    -3.30    9.04
  48721.740    25.035    -2.07    7.56
  49011.256    25.647     2.12    7.65
  49300.758    27.849     7.60    8.47
  49590.246    30.724     9.93    8.46
  49879.720    33.188     8.51    7.73
  50169.179    36.008     9.74    6.14
  50458.624    38.292     7.89    4.72
  50748.055    40.550     7.80    4.82
  51037.472    41.894     4.64    5.11
  51326.875    42.981     3.76    4.85
  51616.263    43.769     2.72    4.67
  51905.637    43.834     0.23    5.16
  52194.997    42.978    -2.96    6.30
  52484.343    42.217    -2.63    7.24
  52773.674    42.035    -0.63    7.89
  53062.991    42.217     0.63    8.06
  53352.294    41.908    -1.07    7.92
  53641.583    42.338     1.49    8.31
  53930.858    43.408     3.70    8.98
  54220.118    44.366     3.31    9.36
  54509.364    43.050    -4.55   11.07
  54798.596    40.717    -8.07   12.12
  55087.814    40.140    -1.99   11.86
  55377.018    36.878   -11.28   12.77
  55666.207    33.873   -10.39   13.28
  55955.383    29.525   -15.03   12.34
  56244.544    26.157   -11.65   10.18
  56533.691    22.858   -11.41    7.44
  56822.823    21.050    -6.25    4.73
  57111.942    20.771    -0.97    3.56
  57401.046    23.114     8.10    6.29
  57690.136    25.888     9.60    8.17
  57979.213    29.158    11.31    9.50
  58268.274    32.993    13.27   10.23
  58557.322    38.470    18.95    9.93
  58846.356    43.141    16.16    9.00
  59135.375    46.478    11.55    7.95
  59424.381    50.423    13.65    7.13
  59713.372    52.829     8.33    5.65
  60002.349    54.680     6.41    5.43
  60291.312    56.903     7.69    4.68
  60580.260    58.008     3.82    6.08
  60869.195    57.611    -1.37    7.44
  61158.115    57.509    -0.35    8.44
  61447.022    55.937    -5.44   11.18
  61735.914    52.903   -10.50   13.11
  62024.792    50.144    -9.55   12.97
  62313.656    48.515    -5.64   12.33
  62602.506    49.247     2.53   11.37
  62891.341    50.645     4.84   10.98
  63180.163    52.509     6.45    9.71
  63468.971    53.993     5.14    8.60
  63757.764    53.784    -0.72    8.76
  64046.543    52.014    -6.13   10.00
  64335.308    48.626   -11.73   11.44
  64624.059    43.849   -16.54   11.40
  64912.796    40.088   -13.03   10.20
  65201.519    37.094   -10.37    9.30
  65490.228    34.560    -8.78    8.80
  65778.923    32.560    -6.93    8.66
  66067.603    32.011    -1.90    9.03
  66356.270    30.505    -5.22    7.70
  66644.922    29.834    -2.32    6.71
  66933.561    28.507    -4.60    4.47
  67222.185    28.989     1.67    4.78
  67510.795    30.620     5.65    6.98
  67799.391    33.687    10.63    9.70
  68087.974    36.540     9.89   11.23
  68376.542    39.948    11.81   12.16
  68665.096    43.849    13.52   12.57
  68953.635    47.152    11.45   11.42
  69242.161    49.739     8.97   10.12
  69530.673    51.717     6.85    8.49
  69819.171    52.731     3.52    6.61
  70107.655    53.187     1.58    4.95
  70396.124    53.873     2.38    3.52
  70684.580    54.978     3.83    5.78
  70973.021    55.749     2.67    8.18
  71261.449    56.232     1.67   10.26
  71549.862    56.948     2.48   12.64
  71838.262    58.796     6.41   14.49
  72126.647    59.574     2.70   16.64
  72415.019    58.084    -5.16   17.33
  72703.376    56.411    -5.80   16.79
  72991.720    54.894    -5.26   16.18
  73280.049    54.187    -2.45   14.96
  73568.364    56.545     8.18   14.99
  73856.666    58.584     7.07   14.73
  74144.953    61.245     9.23   14.07
  74433.226    62.614     4.75   13.68
  74721.486    63.929     4.56   12.37
  75009.731    60.620   -11.48   14.95
  75297.962    53.231   -25.63   17.35
  75586.180    46.671   -22.76   16.66
  75874.383    43.893    -9.64   15.19
  76162.572    45.545     5.73   15.83
  76450.748    46.614     3.71   15.12
  76738.909    49.829    11.16   15.91
  77027.056    53.926    14.22   16.04
  77315.190    59.275    18.56   14.74
  77603.309    61.847     8.93   12.66
  77891.415    64.072     7.72   11.82
  78179.506    66.481     8.36   10.78
  78467.584    69.496    10.46    9.56
  78755.647    72.040     8.83    8.65
  79043.697    73.026     3.42    8.78
  79331.732    75.599     8.93    8.14
  79619.754    77.601     6.95    7.04
  79907.762    79.142     5.35    5.64
  80195.755    80.112     3.37    5.62
  80483.735    80.099    -0.05    6.38
  80771.701    78.099    -6.94    7.37
  81059.653    74.677   -11.88    8.09
  81347.591    70.687   -13.86    8.87
  81635.515    66.732   -13.74    9.05
  81923.425    62.709   -13.97    9.48
  82211.321    59.008   -12.86    9.57
  82499.204    54.362   -16.14   10.62
  82787.072    48.888   -19.01   11.70
  83074.926    44.123   -16.55   10.73
  83362.767    41.040   -10.71    8.95
  83650.593    39.045    -6.93    7.03
  83938.406    37.515    -5.31    6.32
  84226.205    36.993    -1.81    6.92
  84513.989    36.687    -1.06    7.16
  84801.760    35.933    -2.62    7.18
  85089.517    35.017    -3.18    7.05
  85377.260    34.641    -1.31    7.81
  85664.989    36.407     6.14    9.84
  85952.705    39.306    10.08   10.84
  86240.406    41.903     9.03   11.12
  86528.094    45.014    10.81   11.56
  86815.767    46.333     4.58   11.54
  87103.427    46.580     0.86   11.60
  87391.073    46.580     0.00   11.59
  87678.705    45.852    -2.53   10.66
  87966.323    45.320    -1.85    9.65
  88253.927    46.709     4.83    9.57
  88541.517    48.864     7.49    9.80
  88829.094    51.157     7.97   10.36
  89116.656    53.545     8.30   10.92
  89404.205    57.005    12.03   11.02
  89691.740    59.010     6.98   10.75
  89979.261    61.023     7.00   10.97
  90266.768    64.769    13.03   12.74
  90554.261    68.555    13.17   12.90
  90841.741    72.903    15.12   12.49
  91129.206    76.769    13.45   10.30
  91416.658    80.586    13.28    9.79
  91704.096    82.505     6.67    9.42
  91991.520    84.709     7.67   10.32
  92278.930    87.505     9.73   11.54
  92566.327    89.864     8.21   12.19
  92853.709    92.823    10.30   12.68
  93141.078    96.426    12.54   12.65
  93428.433    98.709     7.95   12.83
  93715.774    99.724     3.53   13.35
  94003.101    98.974    -2.61   12.97
  94290.414    95.309   -12.76   13.56
  94577.714    90.050   -18.30   15.42
  94865.000    83.924   -21.32   17.43
  95152.272    76.731   -25.04   17.90
  95439.530    69.571   -24.93   14.22
  95726.774    64.894   -16.28   10.67
  96014.005    62.580    -8.05    8.60
  96301.222    61.494    -3.78    9.68
  96588.425    60.474    -3.55   11.08
  96875.614    59.386    -3.79   12.26
  97162.789    58.349    -3.61   12.69
  97449.951    56.515    -6.39   12.39
  97737.098    55.078    -5.00   11.03
  98024.232    53.808    -4.42    9.87
  98311.353    53.295    -1.79    9.39
  98598.459    55.560     7.89   10.94
  98885.552    58.605    10.60   13.62
  99172.631    63.463    16.92   14.63
  99459.696    67.769    15.00   14.27
  99746.747    72.383    16.07   13.11
 100033.785    75.989    12.56   13.73
 100320.808    78.417     8.46   14.50
 100607.818    80.247     6.38   14.82
 100896.723    80.963     2.48   14.32
 101186.714    82.145     4.08   14.01
 101476.691    84.396     7.76   13.74
 101766.654    86.545     7.41   12.53
 102056.602    88.109     5.39   12.11
 102346.537    89.740     5.62   11.44
 102636.458    92.143     8.29    9.63
 102926.364    92.097    -0.16    9.20
 103216.257    89.999    -7.24    9.90
 103506.135    88.948    -3.63   10.40
 103795.999    88.620    -1.13   11.06
 104085.850    89.786     4.02   11.39
 104375.686    91.324     5.31   11.79
 104665.508    93.908     8.91   12.76
 104955.316    96.888    10.28   12.56
 105245.110    99.187     7.93   12.33
 105534.890    99.324     0.47   12.27
 105824.656    98.408    -3.16   13.54
 106114.408    99.026     2.13   13.89
 106404.145   100.386     4.69   14.51
 106693.869   102.593     7.62   14.21
 106983.579   106.070    12.00   14.19
 107273.274   108.956     9.96   14.44
 107562.956   114.432    18.90   11.20
 107852.624   116.496     7.12    9.69
 108142.277   119.330     9.78    7.65
 108431.917   119.334     0.02    9.33
 108721.542   120.423     3.76    9.88
 109011.154   120.374    -0.17   10.84
 109300.751   120.761     1.34   10.48
 109590.335   122.786     6.99    9.44
 109879.904   122.575    -0.73    9.43
 110169.460   122.998     1.46    9.21
 110459.001   121.978    -3.52   10.22
 110748.529   119.694    -7.89   11.24
 111038.042   116.811    -9.96   11.84
 111327.541   114.261    -8.81   11.96
 111617.027   112.571    -5.84   11.68
 111906.498   112.535    -0.12   11.29
 112195.956   113.982     5.00   11.67
 112485.399   114.020     0.13   11.52
 112774.829   114.141     0.42   11.41
 113064.244   115.467     4.58   11.18
 113353.646   115.565     0.34   11.26
 113643.033   116.617     3.63   12.05
 113932.407   118.414     6.21   13.10
 114221.766   120.120     5.90   14.10
 114511.112   124.974    16.78   15.60
 114800.444   131.617    22.96   16.81
 115089.761   139.351    26.73   19.33
 115379.065   144.485    17.75   19.12
 115668.355   146.740     7.79   17.27
 115957.631   149.505     9.56   16.98
 116246.893   153.592    14.13   19.41
 116536.140   156.844    11.24   23.25
 116825.374   160.894    14.00   25.74
 117114.594   165.535    16.05   24.49
 117403.801   170.201    16.13   21.66
 117692.993   173.323    10.79   18.80
 117982.171   172.017    -4.52   18.43
 118271.335   168.459   -12.30   18.29
 118560.486   161.349   -24.59   17.57
 118849.622   155.171   -21.37   15.59
 119138.744   150.505   -16.14   14.37
 119427.853   147.524   -10.31   14.13
 119716.948   143.664   -13.35   14.42
 120006.028   142.107    -5.39   14.48
 120295.095   144.560     8.48   17.49
 120584.148   147.321     9.55   18.36
 120873.187   149.485     7.49   17.87
 121162.212   150.844     4.70   16.13
 121451.223   150.309    -1.85   14.77
 121740.221   148.128    -7.54   15.35
 122029.204   144.604   -12.20   16.64
 122318.174   138.128   -22.41   15.87
 122607.129   132.530   -19.37   14.42
 122896.071   130.590    -6.71   15.34
 123184.999   128.739    -6.40   16.03
 123473.913   128.701    -0.13   15.80
 123762.813   126.614    -7.22   15.57
 124051.699   126.607    -0.02   15.54
 124340.571   123.545   -10.60   16.51
 124629.430   120.202   -11.57   16.68
 124918.274   116.802   -11.77   15.59
 125207.105   112.575   -14.64   13.37
 125495.922   110.014    -8.87   12.73
 125784.725   107.338    -9.26   12.68
 126073.514   104.560    -9.62   13.14
 126362.289   101.171   -11.74   13.13
 126651.050    98.383    -9.65   12.39
 126939.798    96.622    -6.10   11.16
 127228.531    94.560    -7.14    9.48
 127517.251    91.863    -9.34    7.93
 127805.957    90.398    -5.07    7.78
 128094.649    91.668     4.40   10.27
 128383.328    93.308     5.68   12.43
 128671.992    95.038     5.99   15.42
 128960.643    93.981    -3.66   16.12
 129249.280    93.709    -0.94   16.12
 129537.903    93.724     0.05   15.54
 129826.512    90.338   -11.73   12.44
 130115.107    86.795   -12.28   10.14
 130403.689    84.500    -7.95    9.87
 130692.256    84.858     1.24   12.47
 130980.810    88.423    12.35   17.53
 131269.350    90.918     8.65   18.81
 131557.876    90.278    -2.22   19.86
 131846.389    89.838    -1.53   20.29
 132134.888    90.078     0.83   19.97
 132423.372    86.614   -12.01   18.78
 132711.843    82.868   -12.98   15.78
 133000.301    81.114    -6.08   13.99
 133288.744    80.351    -2.64   15.79
 133577.174    81.470     3.88   20.27
 133865.590    81.534     0.22   21.11
 134153.992    81.032    -1.74   19.15
 134442.380    80.202    -2.88   16.52
 134730.755    78.635    -5.43   11.76
 135019.115    77.275    -4.71   10.01
 135307.462    76.381    -3.10    9.84
 135595.796    73.820    -8.88    9.95
 135884.115    72.088    -6.01    9.22
 136172.421    69.157   -10.16    7.56
 136460.713    68.565    -2.05    7.48
 136748.991    71.467    10.06   16.11
 137037.255    78.555    24.59   27.33
 137325.506    83.805    18.21   28.94
 137613.743    88.590    16.60   30.07
 137901.966    88.417    -0.60   26.44
 138190.175    87.127    -4.47   24.95
 138478.371    83.277   -13.36   18.27
 138766.553    81.378    -6.59   15.01
 139054.721    78.694    -9.31    9.03
 139342.875    79.474     2.71    8.64
 139631.016    82.663    11.06   10.44
 139919.143    88.910    21.68   15.13
 140207.256   103.658    51.18   36.09
 140495.356   120.771    59.39   44.54
 140783.442   131.515    37.29   46.64
 141071.514   134.306     9.69   45.03
 141359.572   134.157    -0.52   45.05
 141647.617   129.017   -17.84   46.48
 141935.647   116.170   -44.60   44.94
 142223.665    97.993   -63.10   30.30
 142511.668    84.524   -46.76   18.32
 142799.658    78.515   -20.86   13.98
 143087.634    74.447   -14.12   12.78
 143375.596    72.202    -7.80   12.44
 143663.545    71.505    -2.42   11.47
 143951.480    70.883    -2.16   10.62
 144239.401    72.989     7.31   13.74
 144527.309    78.986    20.83   21.33
 144815.203    87.505    29.59   33.34
 145103.083   104.447    58.85   50.58
 145390.950   118.595    49.14   58.58
 145678.803   125.771    24.92   62.60
 145966.642   132.459    23.23   64.01
 146254.467   133.755     4.50   59.65
 146542.279   136.482     9.47   57.20
 146830.077   138.873     8.31   54.08
 147117.862   133.771   -17.73   43.69
 147405.633   137.429    12.71   40.54
 147693.390   142.878    18.94   40.39
 147981.134   156.686    47.98   46.48
 148268.863   171.294    50.76   52.99
 148556.580   186.732    53.65   54.92
 148844.282   204.368    61.29   51.47
 149131.971   214.918    36.67   45.71
 149419.647   217.679     9.60   40.32
 149707.308   213.201   -15.57   40.89
 149994.956   205.381   -27.18   43.38
 150282.591   195.072   -35.84   42.06
 150570.211   185.217   -34.26   37.10
 150857.819   178.635   -22.88   34.87
 151145.412   177.008    -5.66   37.91
 151432.992   176.070    -3.26   44.14
 151720.558   175.823    -0.86   43.84
 152008.111   170.605   -18.14   41.92
 152295.650   166.033   -15.90   36.53
 152583.175   157.709   -28.95   31.95
 152870.687   148.535   -31.91   22.41
 153158.185   142.996   -19.26   15.47
 153445.670   139.437   -12.38   14.31
 153733.141   135.276   -14.47   14.36
 154020.598   130.792   -15.60   12.25
 154308.042   130.055    -2.56   12.01
 154595.472   131.261     4.19   13.25
 154882.889   132.232     3.38   12.86
 155170.292   133.560     4.62   13.89
 155457.681   136.978    11.89   13.64
 155745.057   140.366    11.79   12.13
 156032.419   142.262     6.60   11.92
 156319.768   143.804     5.37   11.58
 156607.103   148.470    16.24   13.00
 156894.424   156.217    26.96   16.52
 157181.732   165.777    33.27   22.71
 157469.026   177.309    40.13   25.05
 157756.307   185.628    28.96   23.01
 158043.574   193.779    28.37   23.48
 158330.828   198.601    16.78   24.24
 158618.068   198.580    -0.07   25.19
 158905.295   193.088   -19.12   23.70
 159192.508   186.489   -22.97   22.47
 159479.707   180.694   -20.18   18.14
 159766.893   176.937   -13.08   16.67
 160054.065   172.035   -17.07   17.80
 160341.224   167.217   -16.78   20.41
 160628.369   161.217   -20.89   22.31
 160915.501   154.863   -22.13   21.71
 161202.619   148.673   -21.56   19.89
 161489.724   141.732   -24.17   18.24
 161776.815   137.158   -15.93   16.10
 162063.893   136.769    -1.35   14.20
 162350.957   135.732    -3.61   13.51
 162638.007   137.645     6.66   13.77
 162925.718   138.909     4.39   13.61
 163215.704   140.739     6.31   12.60
 163505.676   141.858     3.86   11.03
 163795.634   141.702    -0.54   11.28
 164085.578   139.038    -9.19   12.60
 164375.509   134.470   -15.75   14.04
 164665.425   128.088   -22.01   15.59
 164955.328   122.429   -19.52   15.87
 165245.217   117.351   -17.51   16.07
 165535.092   113.217   -14.26   15.47
 165824.953   110.709    -8.65   14.54
 166114.801   106.924   -13.06   14.39
 166404.634   103.635   -11.35   14.65
 166694.454    99.610   -13.88   15.01
 166984.260    97.784    -6.30   14.70
 167274.052    96.933    -2.94   14.23
 167563.831    94.584    -8.10   14.16
 167853.595    93.202    -4.77   14.41
 168143.346    92.095    -3.82   15.26
 168433.083    90.959    -3.92   16.37
 168722.806    90.677    -0.97   18.02
 169012.516    88.232    -8.44   19.93
 169302.211    88.097    -0.46   20.93
 169591.893    91.290    11.02   21.26
 169881.561    92.635     4.64   20.14
 170171.216    95.847    11.09   16.72
 170460.856    93.489    -8.14   11.75
 170750.483    91.401    -7.21   11.19
 171040.096    87.336   -14.03   12.63
 171329.695    82.020   -18.36   14.25
 171619.280    74.485   -26.01   15.61
 171908.852    69.971   -15.59   13.92
 172198.410    67.381    -8.94   12.23
 172487.954    67.026    -1.22   11.92
 172777.484    66.868    -0.55   13.45
 173067.001    69.620     9.50   14.74
 173356.504    71.467     6.38   14.58
 173645.993    74.605    10.84   14.14
 173935.468    74.909     1.05   13.09
 174224.930    74.246    -2.29   12.58
 174514.378    73.899    -1.20   11.86
 174803.812    71.202    -9.32   13.14
 175093.233    69.679    -5.26   14.92
 175382.639    67.840    -6.36   15.52
 175672.032    66.455    -4.78   15.29
 175961.411    64.201    -7.79   15.58
 176250.777    60.171   -13.92   15.79
 176540.129    56.942   -11.16   15.02
 176829.467    53.217   -12.88   13.20
 177118.791    50.784    -8.41   10.24
 177408.102    49.893    -3.08    8.62
 177697.399    53.306    11.80   11.25
 177986.682    60.263    24.04   16.49
 178275.951    65.883    19.43   18.42
 178565.207    69.467    12.39   18.73
 178854.449    70.082     2.13   18.39
 179143.678    69.474    -2.10   18.70
 179432.892    67.261    -7.65   19.02
 179722.093    60.724   -22.60   17.99
 180011.281    53.686   -24.33   11.68
 180300.454    51.482    -7.62    9.94
 180589.614    52.277     2.75   10.70
 180878.761    54.351     7.17   10.40
 181167.893    56.112     6.09   10.18
 181457.012    57.620     5.21   10.09
 181746.117    59.571     6.75   10.96
 182035.209    62.614    10.53   13.04
 182324.287    63.588     3.37   13.01
 182613.351    67.128    12.25   13.75
 182902.402    68.844     5.93   13.21
 183191.439    71.525     9.28   13.05
 183480.462    73.709     7.55   12.34
 183769.472    75.328     5.60   13.55
 184058.467    79.338    13.87   16.76
 184347.450    82.820    12.05   18.57
 184636.418    85.853    10.50   19.50
 184925.373    88.739     9.99   18.26
 185214.315    93.173    15.34   18.06
 185503.243    97.231    14.05   17.46
 185792.157   102.755    19.12   18.06
 186081.057   108.550    20.06   19.19
 186369.944   114.439    20.38   20.90
 186658.817   122.426    27.64   21.56
 186947.677   128.739    21.85   21.39
 187236.523   135.511    23.44   21.06
 187525.355   141.276    19.96   21.80
 187814.174   148.386    24.61   22.51
 188102.979   152.777    15.20   20.13
 188391.770   154.494     5.94   17.30
 188680.548   157.903    11.81   14.78
 188969.313   164.398    22.49   13.34
 189258.063   168.643    14.70   12.18
 189546.800   170.411     6.12   11.44
 189835.524   171.097     2.38   10.77
 190124.234   170.942    -0.54   10.96
 190412.930   168.294    -9.17   12.64
 190701.613   163.898   -15.22   15.14
 190990.282   158.963   -17.10   14.23
 191278.937   155.614   -11.60   14.46
 191567.579   155.323    -1.01   12.51
 191856.208   153.844    -5.12   12.20
 192144.822   154.633     2.74   10.87
 192433.424   155.769     3.93    9.80
 192722.011   153.560    -7.65    9.99
 193010.585   150.599   -10.26   14.23
 193299.146   145.933   -16.17   17.62
 193587.693   139.171   -23.43   20.01
 193876.226   131.853   -25.36   19.42
 194164.746   125.026   -23.66   15.95
 194453.252   122.914    -7.32   16.21
 194741.745   119.082   -13.28   16.02
 195030.224   118.334    -2.59   17.43
 195318.689   116.157    -7.55   17.56
 195607.141   115.485    -2.33   16.04
 195895.580   115.509     0.08   14.23
 196184.005   115.474    -0.12   11.78
 196472.416   118.580    10.77   12.64
 196760.814   120.247     5.78   12.57
 197049.199   120.599     1.22   12.85
 197337.569   120.470    -0.45   12.74
 197625.927   121.338     3.01   13.29
 197914.270   118.765    -8.92   13.62
 198202.601   115.505   -11.31   12.79
 198490.917   111.764   -12.97   12.07
 198779.221   110.111    -5.73   11.41
 199067.510   107.525    -8.97   12.31
 199355.786   103.306   -14.63   14.73
 199644.049    97.349   -20.66   16.14
 199932.298    90.330   -24.35   16.07
 200220.534    85.202   -17.79   16.59
 200508.756    80.847   -15.11   14.57
 200796.965    76.530   -14.98   14.08
 201085.160    71.540   -17.31   13.74
 201373.342    67.959   -12.42   12.08
 201661.510    66.171    -6.20   10.19
 201949.664    67.471     4.51   11.28
 202237.806    70.455    10.36   14.39
 202525.933    75.324    16.90   15.96
 202814.048    81.308    20.76   16.02
 203102.148    87.786    22.48   14.76
 203390.236    93.500    19.83   14.40
 203678.309    97.889    15.23   13.41
 203966.370   102.078    14.54   14.51
 204254.417   107.095    17.42   15.05
 204542.450   114.717    26.46   15.50
 204830.470   121.898    24.93   15.14
 205118.476   129.001    24.66   15.41
 205406.469   135.126    21.26   14.18
 205694.449   139.140    13.94   12.32
 205982.415   140.717     5.48   10.66
 206270.368   140.201    -1.79   10.93
 206558.307   138.535    -5.79   10.67
 206846.233   136.067    -8.57   10.29
 207134.145   135.023    -3.63    9.11
 207422.044   134.261    -2.64    8.32
 207709.929   133.032    -4.27    8.12
 207997.801   131.664    -4.75   10.73
 208285.660   129.036    -9.13   12.14
 208573.505   124.948   -14.20   15.36
 208861.337   120.540   -15.31   15.18
 209149.155   118.364    -7.56   14.30
 209436.960   116.575    -6.21   13.28
 209724.752   116.940     1.27   13.28
 210012.530   117.232     1.01   12.94
 210300.294   119.249     7.01   11.50
 210588.046   121.686     8.47   12.07
 210875.783   126.127    15.43   13.43
 211163.508   131.555    18.86   14.45
 211451.219   138.470    24.03   15.10
 211738.916   143.187    16.39   13.84
 212026.601   146.940    13.04   12.36
 212314.271   149.344     8.36   12.09
 212601.929   150.278     3.25   12.55
 212889.573   149.172    -3.85   13.51
 213177.204   146.790    -8.28   15.03
 213464.821   143.351   -11.96   15.64
 213752.425   141.112    -7.78   15.42
 214040.015   142.169     3.67   14.35
 214327.592   141.117    -3.66   15.32
 214615.156   141.334     0.76   14.60
 214902.707   143.267     6.72   12.48
