-163741.522    66.916     0.00    2.04
-163452.540    67.033     0.40    2.16
-163163.541    66.615    -1.45    2.53
-162874.528    66.545    -0.24    2.53
-162585.499    66.448    -0.33    2.51
-162296.454    66.579     0.45    2.58
-162007.394    66.787     0.72    2.68
-161718.319    67.250     1.60    2.76
-161429.228    67.965     2.47    2.48
-161140.121    68.744     2.69    1.93
-160850.999    69.266     1.81    1.49
-160561.862    68.948    -1.10    1.69
-160272.709    68.415    -1.84    2.10
-159983.541    67.656    -2.62    2.34
-159694.357    67.207    -1.55    2.36
-159405.158    66.842    -1.26    2.41
-159115.943    66.593    -0.86    2.43
-158826.713    66.721     0.44    2.34
-158537.467    67.516     2.75    2.18
-158248.206    68.163     2.24    1.76
-157958.929    68.457     1.02    1.51
-157669.637    68.656     0.69    1.62
-157380.329    68.693     0.13    1.70
-157091.006    68.221    -1.63    2.25
-156801.667    67.654    -1.96    2.52
-156512.313    67.648    -0.02    2.49
-156222.943    67.669     0.07    2.45
-155933.558    67.854     0.64    2.44
-155644.157    67.942     0.30    2.32
-155354.741    68.594     2.25    1.90
-155065.309    69.022     1.48    1.52
-154775.861    68.793    -0.79    1.92
-154486.398    68.385    -1.41    1.93
-154196.920    67.780    -2.09    2.05
-153907.426    67.281    -1.72    2.12
-153617.916    66.779    -1.73    2.26
-153328.391    66.194    -2.02    2.59
-153038.851    65.530    -2.29    2.84
-152749.294    64.707    -2.84    2.78
-152459.722    63.773    -3.22    2.96
-152170.135    63.236    -1.86    3.06
-151880.532    62.663    -1.98    3.22
-151590.914    61.663    -3.45    3.28
-151301.280    60.636    -3.54    3.35
-151011.630    59.468    -4.03    3.71
-150721.965    58.363    -3.81    3.84
-150432.284    56.971    -4.80    3.98
-150142.588    55.550    -4.90    3.99
-149852.876    53.604    -6.72    3.63
-149563.148    51.787    -6.27    2.99
-149273.405    50.650    -3.92    2.54
-148983.646    49.778    -3.01    2.38
-148693.872    49.265    -1.77    1.97
-148404.082    48.594    -2.31    1.48
-148114.276    48.684     0.31    1.68
-147824.455    49.160     1.64    1.77
-147534.619    49.526     1.26    1.83
-147244.766    50.033     1.75    1.80
-146954.898    50.750     2.47    1.81
-146665.015    51.450     2.41    1.53
-146375.115    51.982     1.83    1.53
-146085.200    52.839     2.95    1.80
-145795.270    53.639     2.76    1.95
-145505.324    54.372     2.53    2.00
-145215.362    55.236     2.98    2.21
-144927.800    55.927     2.40    2.25
-144641.146    56.842     3.19    2.29
-144354.477    57.679     2.92    2.00
-144067.793    58.193     1.79    1.68
-143781.093    58.545     1.23    1.52
-143494.379    58.352    -0.67    1.90
-143207.649    58.207    -0.51    2.14
-142920.903    57.659    -1.91    2.58
-142634.143    57.381    -0.97    2.86
-142347.367    57.194    -0.65    3.12
-142060.576    56.932    -0.91    3.24
-141773.770    56.618    -1.09    3.37
-141486.949    56.908     1.01    3.51
-141200.112    56.773    -0.47    3.47
-140913.260    57.118     1.20    3.64
-140626.393    56.845    -0.95    3.56
-140339.510    56.765    -0.28    3.54
-140052.613    56.936     0.60    3.38
-139765.700    56.917    -0.07    3.23
-139478.771    56.574    -1.20    2.91
-139191.828    56.676     0.35    2.83
-138904.869    56.654    -0.07    2.44
-138617.895    56.903     0.87    2.56
-138330.905    56.975     0.25    2.34
-138043.901    57.391     1.45    2.52
-137756.881    57.280    -0.39    2.28
-137469.845    57.504     0.78    2.20
-137182.795    57.721     0.76    2.32
-136895.729    57.816     0.33    2.43
-136608.648    58.148     1.16    2.57
-136321.551    58.295     0.51    2.72
-136034.440    58.522     0.79    2.68
-135747.313    58.842     1.11    2.80
-135460.170    59.004     0.57    2.88
-135173.012    59.354     1.22    2.91
-134885.839    59.917     1.96    2.96
-134598.651    60.691     2.69    3.03
-134311.447    61.560     3.03    3.18
-134024.228    62.162     2.10    3.04
-133736.994    62.579     1.45    2.99
-133449.744    62.961     1.33    3.00
-133162.479    62.990     0.10    2.95
-132875.199    63.192     0.70    2.90
-132587.903    63.163    -0.10    2.90
-132300.592    63.490     1.14    2.87
-132013.266    63.427    -0.22    2.82
-131725.924    63.971     1.89    2.59
-131438.567    64.545     2.00    2.54
-131151.194    65.106     1.95    2.44
-130863.806    65.410     1.06    2.26
-130576.403    65.787     1.31    2.04
-130288.984    65.842     0.19    2.07
-130001.550    65.986     0.50    2.00
-129714.101    66.069     0.29    2.00
-129426.636    66.413     1.19    1.82
-129139.156    66.560     0.51    1.80
-128851.661    66.795     0.82    1.64
-128564.150    66.808     0.04    1.58
-128276.624    67.122     1.09    1.53
-127989.082    67.281     0.55    1.52
-127701.525    67.413     0.46    1.55
-127413.952    67.550     0.48    1.46
-127126.365    67.714     0.57    1.40
-126838.761    67.908     0.67    1.14
-126551.143    67.971     0.22    1.10
-126263.509    67.926    -0.16    1.20
-125975.859    67.816    -0.38    1.35
-125688.194    67.782    -0.12    1.45
-125400.514    67.810     0.10    1.61
-125112.818    67.656    -0.53    1.75
-124825.107    67.627    -0.10    1.78
-124537.380    67.579    -0.17    1.57
-124249.638    67.536    -0.15    1.51
-123961.881    67.425    -0.39    1.56
-123674.108    67.133    -1.01    1.56
-123386.319    66.839    -1.02    1.42
-123098.516    66.691    -0.52    1.36
-122810.696    66.669    -0.08    1.27
-122522.862    66.714     0.16    1.31
-122235.011    66.990     0.96    1.16
-121947.146    66.922    -0.24    1.22
-121659.265    66.993     0.25    1.15
-121371.368    66.868    -0.43    1.26
-121083.456    66.810    -0.20    1.34
-120795.529    66.430    -1.32    1.52
-120507.586    66.311    -0.41    1.70
-120219.627    65.801    -1.77    2.28
-119931.653    65.164    -2.21    2.65
-119643.664    64.546    -2.14    2.81
-119355.659    63.870    -2.35    3.00
-119067.639    63.106    -2.65    3.10
-118779.603    62.516    -2.05    2.95
-118491.551    61.772    -2.58    3.07
-118203.485    61.001    -2.68    3.19
-117915.402    60.011    -3.44    2.97
-117627.304    59.135    -3.04    2.70
-117339.191    58.403    -2.54    2.43
-117051.062    57.729    -2.34    2.11
-116762.918    57.162    -1.97    1.22
-116474.758    57.089    -0.25    1.14
-116186.582    57.281     0.67    1.17
-115898.391    57.508     0.79    1.19
-115610.185    57.850     1.19    1.15
-115321.963    58.150     1.04    1.27
-115033.725    58.650     1.73    1.34
-114745.472    59.074     1.47    1.59
-114457.204    59.618     1.89    1.77
-114168.919    60.221     2.09    1.90
-113880.620    60.684     1.61    1.92
-113592.304    61.381     2.42    1.93
-113303.974    61.903     1.81    1.96
-113015.627    62.447     1.89    2.05
-112727.265    62.884     1.51    2.00
-112438.888    63.368     1.68    2.07
-112150.495    63.913     1.89    2.07
-111862.086    64.615     2.43    2.06
-111573.662    64.953     1.17    1.90
-111285.222    65.450     1.73    1.91
-110996.767    66.398     3.28    2.45
-110708.296    67.250     2.96    2.55
-110419.810    67.750     1.73    2.29
-110131.308    68.385     2.20    2.48
-109842.790    68.942     1.93    2.57
-109554.257    68.993     0.18    2.56
-109265.708    68.888    -0.36    2.44
-108977.143    68.650    -0.82    2.10
-108688.563    68.608    -0.15    1.93
-108399.968    68.336    -0.94    1.17
-108111.356    68.326    -0.04    1.06
-107822.730    68.310    -0.06    1.07
-107534.087    68.060    -0.87    1.21
-107245.429    67.938    -0.42    1.21
-106956.755    67.707    -0.80    1.23
-106668.066    67.656    -0.17    1.17
-106379.361    67.627    -0.10    1.14
-106090.641    67.822     0.67    0.96
-105801.904    67.927     0.37    0.78
-105513.152    67.766    -0.56    0.89
-105224.385    67.524    -0.84    1.03
-104935.602    67.338    -0.65    1.13
-104646.803    67.106    -0.80    1.22
-104357.989    66.773    -1.15    1.31
-104069.159    66.493    -0.97    1.44
-103780.313    66.465    -0.10    1.48
-103491.452    66.403    -0.21    1.48
-103202.575    66.133    -0.93    1.65
-102913.682    65.923    -0.73    1.79
-102624.773    65.893    -0.10    1.88
-102335.849    65.879    -0.05    1.78
-102046.910    65.589    -1.00    1.95
-101757.954    65.457    -0.46    2.10
-101468.983    65.550     0.32    2.07
-101179.997    65.400    -0.52    1.96
-100890.994    65.266    -0.47    1.98
-100601.976    64.516    -2.59    2.45
-100312.942    63.874    -2.22    2.60
-100023.893    63.465    -1.42    2.59
 -99734.828    63.308    -0.54    2.56
 -99445.747    63.120    -0.65    2.60
 -99156.650    63.356     0.81    2.62
 -98867.538    63.677     1.11    2.59
 -98578.410    64.282     2.09    2.10
 -98289.266    64.338     0.19    1.82
 -98000.107    63.597    -2.56    2.20
 -97710.932    62.700    -3.10    2.68
 -97421.741    61.950    -2.59    2.69
 -97132.534    61.516    -1.50    2.50
 -96843.312    61.193    -1.12    2.24
 -96554.074    61.310     0.40    2.10
 -96264.820    61.743     1.50    2.23
 -95975.550    62.165     1.46    2.39
 -95686.265    62.444     0.97    2.41
 -95396.964    62.779     1.16    2.38
 -95107.647    63.545     2.65    2.38
 -94818.315    63.997     1.56    2.22
 -94528.967    64.385     1.34    2.07
 -94239.602    64.868     1.67    2.09
 -93950.223    65.772     3.12    2.25
 -93660.827    66.222     1.55    2.14
 -93371.416    66.588     1.27    2.01
 -93081.989    66.865     0.96    1.87
 -92792.546    67.471     2.10    1.69
 -92503.087    67.388    -0.29    1.66
 -92213.613    67.385    -0.01    1.78
 -91924.123    67.294    -0.32    2.20
 -91634.617    67.323     0.10    2.31
 -91345.095    67.166    -0.54    2.42
 -91055.557    67.208     0.15    2.33
 -90766.004    67.045    -0.56    2.05
 -90476.435    67.339     1.02    1.51
 -90186.850    67.266    -0.25    1.42
 -89897.249    67.266    -0.00    1.53
 -89607.633    67.208    -0.20    1.73
 -89318.000    67.236     0.10    1.90
 -89028.352    67.250     0.05    2.13
 -88738.688    67.036    -0.74    2.34
 -88449.008    66.490    -1.89    2.48
 -88159.312    66.398    -0.32    2.50
 -87869.601    66.530     0.46    2.64
 -87579.874    67.091     1.94    2.52
 -87290.131    67.367     0.95    2.48
 -87000.372    67.338    -0.10    2.33
 -86710.597    67.618     0.97    2.19
 -86420.806    67.684     0.23    2.02
 -86131.000    67.442    -0.83    1.81
 -85841.177    67.354    -0.30    1.82
 -85551.339    67.398     0.15    1.72
 -85261.485    67.336    -0.21    1.55
 -84971.615    67.479     0.49    1.40
 -84681.729    67.574     0.33    1.34
 -84391.828    67.511    -0.22    1.07
 -84101.910    67.250    -0.90    1.16
 -83811.977    67.148    -0.35    1.19
 -83522.028    67.207     0.20    1.04
 -83232.062    67.122    -0.29    1.08
 -82942.928    67.042    -0.28    1.25
 -82656.316    66.801    -0.84    1.39
 -82369.689    66.393    -1.42    1.69
 -82083.047    65.957    -1.52    1.88
 -81796.389    65.729    -0.80    1.98
 -81509.716    65.471    -0.90    1.72
 -81223.028    65.251    -0.77    1.73
 -80936.324    64.814    -1.52    1.86
 -80649.604    64.377    -1.52    2.26
 -80362.869    63.714    -2.31    2.80
 -80076.119    62.636    -3.76    3.65
 -79789.353    61.385    -4.36    4.01
 -79502.571    59.654    -6.04    4.50
 -79215.774    57.677    -6.89    5.12
 -78928.962    55.633    -7.13    5.29
 -78642.134    53.822    -6.31    5.22
 -78355.290    52.546    -4.45    5.03
 -78068.431    51.636    -3.17    4.83
 -77781.557    50.990    -2.25    4.64
 -77494.667    49.917    -3.74    4.82
 -77207.762    48.759    -4.04    4.82
 -76920.841    48.310    -1.56    5.16
 -76633.904    47.471    -2.92    5.24
 -76346.952    46.250    -4.25    5.08
 -76059.985    45.650    -2.09    5.18
 -75773.002    44.642    -3.51    4.97
 -75486.004    43.530    -3.87    4.43
 -75198.990    42.766    -2.66    4.17
 -74911.960    42.982     0.76    5.35
 -74624.915    43.148     0.58    5.80
 -74337.854    44.427     4.46    6.22
 -74050.778    45.758     4.63    6.38
 -73763.686    46.700     3.28    5.64
 -73476.579    47.350     2.27    5.09
 -73189.456    47.850     1.74    4.39
 -72902.318    47.795    -0.19    4.64
 -72615.164    46.721    -3.74    5.32
 -72327.995    45.148    -5.48    5.65
 -72040.810    43.550    -5.57    6.12
 -71753.609    41.526    -7.05    6.26
 -71466.393    39.650    -6.53    5.78
 -71179.161    37.836    -6.32    5.31
 -70891.914    36.222    -5.62    5.01
 -70604.651    34.589    -5.68    4.33
 -70317.373    33.560    -3.58    3.63
 -70030.079    32.782    -2.71    2.43
 -69742.769    32.833     0.18    2.43
 -69455.444    33.685     2.97    3.71
 -69168.103    34.579     3.11    4.36
 -68880.747    35.808     4.28    5.48
 -68593.375    36.808     3.48    5.98
 -68305.987    37.475     2.32    6.23
 -68018.584    38.133     2.29    6.60
 -67731.165    37.569    -1.96    6.43
 -67443.731    38.042     1.64    6.20
 -67156.281    37.598    -1.54    6.38
 -66868.815    37.859     0.91    6.28
 -66581.334    37.569    -1.01    6.23
 -66293.837    36.983    -2.04    5.94
 -66006.325    36.222    -2.65    6.04
 -65718.797    34.192    -7.06    5.88
 -65431.253    32.721    -5.11    5.91
 -65143.693    31.057    -5.79    4.88
 -64856.118    29.422    -5.69    4.08
 -64568.528    28.222    -4.17    2.93
 -64280.922    27.708    -1.79    2.20
 -63993.300    27.636    -0.25    2.21
 -63705.662    28.436     2.78    3.27
 -63418.009    29.766     4.62    4.40
 -63130.340    31.422     5.76    5.01
 -62842.655    33.236     6.31    5.43
 -62554.955    36.008     9.63    6.08
 -62267.239    38.150     7.45    6.06
 -61979.508    39.417     4.40    5.60
 -61691.760    39.508     0.32    5.56
 -61403.998    39.008    -1.74    5.73
 -61116.219    37.251    -6.10    6.01
 -60828.425    35.511    -6.04    5.56
 -60540.615    33.957    -5.40    5.06
 -60252.789    33.036    -3.20    4.95
 -59964.948    33.465     1.49    5.80
 -59677.091    33.764     1.04    6.37
 -59389.218    34.836     3.72    7.12
 -59101.330    35.526     2.40    7.48
 -58813.425    35.471    -0.19    7.73
 -58525.506    35.162    -1.08    7.64
 -58237.570    34.104    -3.67    6.71
 -57949.619    33.808    -1.03    5.50
 -57661.652    34.483     2.34    5.68
 -57373.669    36.375     6.57    6.32
 -57085.671    38.565     7.60    6.30
 -56797.657    41.383     9.79    6.43
 -56509.627    44.684    11.46    6.70
 -56221.581    47.087     8.34    5.94
 -55933.520    47.942     2.97    6.01
 -55645.443    47.550    -1.36    6.61
 -55357.350    47.497    -0.19    6.89
 -55069.242    47.095    -1.39    7.01
 -54781.117    46.865    -0.80    6.74
 -54492.977    46.560    -1.06    6.93
 -54204.821    46.445    -0.40    7.68
 -53916.650    46.132    -1.09    7.94
 -53628.463    44.545    -5.51    8.60
 -53340.260    43.093    -5.04    8.19
 -53052.041    42.039    -3.66    7.32
 -52763.806    41.565    -1.65    6.67
 -52475.556    41.336    -0.79    5.69
 -52187.290    43.545     7.66    5.35
 -51899.008    44.759     4.21    4.91
 -51610.710    45.913     4.00    4.61
 -51322.396    46.352     1.52    4.43
 -51034.067    45.593    -2.63    4.50
 -50745.722    45.292    -1.04    4.84
 -50457.361    45.165    -0.44    4.95
 -50168.985    44.091    -3.72    5.52
 -49880.592    42.016    -7.20    5.75
 -49592.184    40.118    -6.58    5.61
 -49303.760    38.177    -6.73    5.61
 -49015.320    37.062    -3.87    5.74
 -48726.864    35.367    -5.88    5.69
 -48438.393    33.847    -5.27    5.61
 -48149.905    32.278    -5.44    5.22
 -47861.402    31.077    -4.17    4.95
 -47572.883    30.089    -3.42    4.02
 -47284.348    29.721    -1.27    3.06
 -46995.798    29.645    -0.26    3.13
 -46707.231    30.279     2.20    4.10
 -46418.649    31.622     4.65    5.16
 -46130.051    32.944     4.58    5.70
 -45841.437    34.800     6.43    6.06
 -45552.807    35.961     4.02    6.05
 -45264.161    36.721     2.64    5.60
 -44975.500    36.062    -2.28    5.43
 -44686.822    34.986    -3.73    5.60
 -44398.129    32.926    -7.13    5.40
 -44109.420    31.550    -4.77    5.05
 -43820.695    29.833    -5.95    4.28
 -43531.954    28.993    -2.91    4.19
 -43243.197    28.609    -1.33    5.01
 -42954.425    27.898    -2.46    5.46
 -42665.636    27.136    -2.64    5.44
 -42376.832    26.772    -1.26    5.06
 -42088.011    26.722    -0.17    4.60
 -41799.175    27.808     3.76    5.17
 -41510.323    29.089     4.44    5.83
 -41221.455    31.266     7.53    6.45
 -40932.571    33.266     6.92    6.17
 -40643.672    34.486     4.22    5.76
 -40354.756    35.265     2.70    4.91
 -40065.824    36.222     3.31    4.73
 -39776.877    37.120     3.11    4.15
 -39487.913    37.903     2.71    4.06
 -39198.934    38.398     1.71    4.33
 -38909.939    38.868     1.63    4.34
 -38620.928    39.883     3.51    4.45
 -38331.901    40.957     3.71    5.19
 -38042.858    43.033     7.18    5.28
 -37753.799    44.526     5.16    4.81
 -37464.724    45.250     2.51    4.56
 -37175.633    45.408     0.54    4.32
 -36886.526    44.410    -3.45    5.38
 -36597.403    42.574    -6.35    6.34
 -36308.265    40.530    -7.07    6.62
 -36019.110    39.280    -4.32    7.04
 -35729.940    37.309    -6.82    7.00
 -35440.753    35.972    -4.62    6.98
 -35151.551    35.004    -3.35    7.58
 -34862.332    32.884    -7.33    7.88
 -34573.098    29.990   -10.01    7.91
 -34283.847    27.479    -8.68    7.88
 -33994.581    24.560   -10.09    6.68
 -33705.298    22.178    -8.23    4.51
 -33416.000    21.308    -3.01    3.56
 -33126.686    21.716     1.41    4.13
 -32837.355    22.836     3.87    5.36
 -32548.009    24.393     5.38    5.96
 -32258.647    27.192     9.67    6.03
 -31969.268    29.497     7.97    5.49
 -31679.874    31.413     6.62    5.03
 -31390.464    31.950     1.86    4.60
 -31101.038    31.308    -2.22    5.24
 -30811.595    29.524    -6.16    6.00
 -30522.137    27.793    -5.98    5.83
 -30232.663    26.425    -4.73    5.78
 -29943.172    24.810    -5.58    5.30
 -29653.666    23.822    -3.41    5.00
 -29364.143    23.177    -2.23    5.14
 -29074.605    21.307    -6.46    5.92
 -28785.050    20.294    -3.50    6.15
 -28495.480    18.681    -5.57    5.65
 -28205.893    18.019    -2.29    5.14
 -27916.291    17.923    -0.33    4.39
 -27626.672    19.163     4.28    5.40
 -27337.037    21.593     8.39    6.79
 -27047.386    24.033     8.42    6.93
 -26757.720    27.613    12.36    7.09
 -26468.037    29.917     7.95    6.70
 -26178.338    31.743     6.30    6.18
 -25888.623    33.236     5.15    5.74
 -25598.892    33.692     1.57    5.33
 -25309.144    33.295    -1.37    5.56
 -25019.381    33.845     1.90    5.45
 -24729.602    33.540    -1.05    5.74
 -24439.807    33.550     0.03    5.90
 -24149.995    33.965     1.43    6.11
 -23860.167    33.569    -1.36    6.67
 -23570.324    33.163    -1.40    7.30
 -23280.464    32.677    -1.67    7.69
 -22990.588    30.516    -7.46    9.26
 -22700.696    25.765   -16.39   11.05
 -22410.788    21.743   -13.87   11.01
 -22120.864    18.120   -12.50   10.54
 -21830.924    14.743   -11.65    9.47
 -21540.967    10.530   -14.53    6.64
 -21250.995     9.004    -5.26    4.99
 -20961.006     8.266    -2.55    4.20
 -20673.662     7.917    -1.21    3.27
 -20387.088     8.879     3.36    4.02
 -20100.497    10.140     4.40    5.00
 -19813.891    11.598     5.09    5.38
 -19527.269    13.208     5.61    5.79
 -19240.631    15.898     9.39    6.41
 -18953.978    17.222     4.62    5.96
 -18667.309    18.854     5.69    5.43
 -18380.625    20.430     5.50    5.35
 -18093.924    21.936     5.25    5.48
 -17807.208    23.236     4.53    4.89
 -17520.477    23.454     0.76    4.55
 -17233.729    23.419    -0.12    4.62
 -16946.966    24.265     2.95    4.93
 -16660.187    25.165     3.14    5.42
 -16373.392    26.133     3.38    5.58
 -16086.582    26.057    -0.27    5.18
 -15799.756    26.106     0.17    4.81
 -15512.914    25.954    -0.53    4.57
 -15226.057    24.679    -4.45    5.30
 -14939.184    22.194    -8.66    5.82
 -14652.295    19.613    -9.00    4.74
 -14365.390    18.336    -4.45    3.97
 -14078.470    18.339     0.01    4.03
 -13791.533    18.648     1.08    4.71
 -13504.581    20.118     5.12    5.30
 -13217.614    22.091     6.87    5.85
 -12930.630    24.642     8.89    5.82
 -12643.631    26.336     5.90    5.48
 -12356.616    26.550     0.75    5.33
 -12069.585    26.251    -1.04    5.25
 -11782.539    25.574    -2.36    5.13
 -11495.477    24.251    -4.61    5.06
 -11208.399    23.413    -2.92    4.42
 -10921.305    21.721    -5.89    4.09
 -10634.195    20.178    -5.38    4.67
 -10347.070    20.164    -0.05    4.61
 -10059.929    19.893    -0.94    4.25
  -9772.772    19.579    -1.09    3.88
  -9485.599    19.766     0.65    3.70
  -9198.410    21.045     4.45    4.20
  -8911.206    23.012     6.85    4.58
  -8623.986    24.795     6.21    5.02
  -8336.750    26.093     4.52    5.61
  -8049.498    27.150     3.68    5.38
  -7762.230    28.236     3.78    5.86
  -7474.947    29.164     3.23    6.13
  -7187.648    30.045     3.07    6.27
  -6900.333    29.736    -1.07    6.14
  -6613.002    30.132     1.38    6.38
  -6325.655    29.207    -3.22    6.52
  -6038.293    28.208    -3.48    6.51
  -5750.914    27.393    -2.83    6.35
  -5463.520    25.307    -7.26    6.40
  -5176.110    23.671    -5.69    6.62
  -4888.684    23.604    -0.23    7.57
  -4601.242    23.942     1.18    7.92
  -4313.785    24.550     2.11    7.50
  -4026.311    23.765    -2.73    7.49
  -3738.822    21.922    -6.41    7.29
  -3451.317    21.850    -0.25    6.87
  -3163.796    20.522    -4.62    6.62
  -2876.259    18.569    -6.79    5.25
  -2588.706    17.133    -4.99    5.76
  -2301.138    15.192    -6.75    6.43
  -2013.553    13.176    -7.01    7.73
  -1725.953    10.565    -9.08    7.46
  -1438.337     8.336    -7.75    5.89
  -1150.705     5.950    -8.29    5.26
   -863.057     4.011    -6.74    4.65
   -575.393     2.454    -5.41    4.12
   -287.713     1.692    -2.65    3.93
     -0.017     0.736    -3.32    3.33
    287.695     0.326    -1.43    2.55
    575.422     1.379     3.66    3.85
    863.165     3.236     6.45    4.49
   1150.925     4.708     5.11    4.48
   1438.700     6.139     4.97    4.17
   1726.491     7.350     4.21    3.12
   2014.298     8.692     4.66    2.28
   2302.121    10.236     5.36    3.34
   2589.960    12.077     6.39    5.56
   2877.815    14.879     9.74    7.85
   3165.686    18.940    14.11    9.25
   3453.573    20.965     7.03    8.52
   3741.475    22.958     6.92    7.49
   4029.394    24.593     5.68    6.24
   4317.328    25.677     3.76    6.08
   4605.279    26.618     3.27    6.88
   4893.245    26.888     0.94    7.66
   5181.228    27.565     2.35    7.81
   5469.226    30.180     9.08    7.38
   5757.240    31.893     5.95    6.86
   6045.271    33.569     5.82    6.23
   6333.317    35.309     6.04    6.26
   6621.379    36.457     3.99    6.57
   6909.457    38.486     7.04    6.38
   7197.552    39.665     4.09    5.83
   7485.662    40.845     4.10    4.88
   7773.788    41.194     1.21    4.26
   8061.930    40.179    -3.52    5.05
   8350.088    38.606    -5.46    6.24
   8638.262    36.436    -7.53    6.54
   8926.452    33.839    -9.01    6.61
   9214.659    30.383   -11.99    7.18
   9502.881    27.650    -9.48    6.88
   9791.119    25.149    -8.68    6.48
  10079.373    23.616    -5.32    6.29
  10367.643    23.250    -1.27    6.26
  10655.929    23.361     0.38    6.77
  10944.232    23.687     1.13    7.46
  11232.550    24.207     1.80    7.72
  11520.884    26.251     7.09    7.38
  11809.234    27.208     3.32    6.93
  12097.601    28.004     2.76    6.18
  12385.983    27.842    -0.56    5.67
  12674.381    27.550    -1.01    5.26
  12962.796    27.693     0.50    5.21
  13251.226    27.729     0.12    5.71
  13539.673    27.986     0.89    5.92
  13828.135    27.942    -0.15    5.78
  14116.614    27.493    -1.56    5.96
  14405.108    26.954    -1.87    6.77
  14693.619    26.893    -0.21    7.53
  14982.146    26.622    -0.94    7.83
  15270.689    25.729    -3.09    8.46
  15559.248    24.367    -4.72    8.39
  15847.823    22.074    -7.94    9.29
  16136.414    21.104    -3.36    9.79
  16425.021    17.961   -10.89    9.95
  16713.644    15.522    -8.45    8.41
  17002.284    13.879    -5.69    5.68
  17290.939    14.265     1.34    5.88
  17579.611    16.569     7.98    6.92
  17868.298    19.714    10.89    7.91
  18157.002    22.530     9.75    7.70
  18445.722    25.839    11.46    7.40
  18734.458    27.888     7.10    7.13
  19023.210    29.408     5.26    7.13
  19311.978    31.335     6.67    7.15
  19600.762    31.701     1.27    7.57
  19889.562    32.465     2.64    8.27
  20178.379    32.648     0.63    8.72
  20467.212    30.400    -7.78    9.46
  20756.060    27.589    -9.73   10.25
  21044.925    24.425   -10.96   10.32
  21333.806    22.461    -6.80    9.87
  21622.703    21.500    -3.33    9.89
  21911.617    19.793    -5.91    9.09
  22200.546    18.250    -5.34    7.92
  22489.492    17.221    -3.56    7.26
  22778.454    15.677    -5.34    5.35
  23067.432    14.942    -2.54    4.45
  23356.426    14.322    -2.15    3.73
  23645.436    14.365     0.15    4.27
  23934.462    15.389     3.54    5.64
  24223.505    16.476     3.76    6.45
  24512.564    17.801     4.59    7.03
  24801.638    18.736     3.23    7.55
  25090.730    19.413     2.34    7.50
  25379.837    19.486     0.25    7.10
  25668.960    18.922    -1.95    6.40
  25958.100    18.627    -1.02    5.82
  26247.256    18.389    -0.82    5.14
  26536.428    18.365    -0.08    4.78
  26825.616    18.898     1.84    4.88
  27114.820    19.133     0.81    4.97
  27404.041    19.950     2.83    5.33
  27693.278    20.164     0.74    5.56
  27982.531    20.166     0.01    5.85
  28271.800    20.077    -0.31    5.84
  28561.086    19.839    -0.82    5.28
  28850.387    19.771    -0.23    5.70
  29139.705    20.265     1.71    6.01
  29429.040    20.692     1.48    6.17
  29718.390    22.208     5.24    6.45
  30007.757    23.280     3.70    6.47
  30297.139    23.898     2.14    6.22
  30586.539    24.422     1.81    5.86
  30875.954    25.293     3.01    5.76
  31165.385    26.439     3.96    6.34
  31454.833    27.338     3.10    6.41
  31744.297    29.354     6.97    6.85
  32033.778    30.822     5.07    6.70
  32323.274    32.997     7.51    6.46
  32612.787    34.493     5.17    5.57
  32902.316    35.349     2.95    5.56
  33191.862    36.266     3.17    5.12
  33481.423    37.045     2.69    5.00
  33771.001    37.471     1.47    5.15
  34060.596    37.574     0.36    6.07
  34350.206    36.584    -3.42    6.66
  34639.833    35.828    -2.61    6.41
  34929.476    35.532    -1.02    5.98
  35219.135    34.722    -2.80    5.26
  35508.811    34.526    -0.68    4.91
  35798.503    35.016     1.69    4.68
  36088.211    35.721     2.44    4.85
  36377.936    36.868     3.96    4.58
  36667.677    38.138     4.38    4.96
  36957.434    38.950     2.81    5.09
  37247.208    39.889     3.24    5.10
  37536.998    40.476     2.02    5.13
  37826.804    41.736     4.35    5.37
  38116.626    41.913     0.61    5.60
  38406.465    42.868     3.30    5.49
  38696.320    43.336     1.61    5.35
  38986.192    43.743     1.40    5.10
  39276.080    44.736     3.43    4.72
  39565.984    45.292     1.92    4.44
  39855.904    46.251     3.31    4.61
  40145.841    47.104     2.94    4.61
  40435.794    47.913     2.79    4.55
  40725.764    48.236     1.12    4.68
  41015.750    48.149    -0.30    4.87
  41304.770    48.336     0.65    5.44
  41591.309    48.122    -0.75    6.08
  41877.864    47.627    -1.73    6.44
  42164.434    46.465    -4.06    6.87
  42451.021    44.845    -5.65    7.13
  42737.623    44.795    -0.17    6.92
  43024.241    44.093    -2.45    6.45
  43310.876    43.511    -2.03    6.24
  43597.526    42.800    -2.48    6.00
  43884.192    42.050    -2.61    5.66
  44170.874    42.250     0.70    5.22
  44457.572    42.194    -0.20    4.59
  44744.286    41.898    -1.03    4.28
  45031.015    42.486     2.05    4.71
  45317.761    43.193     2.47    4.80
  45604.523    43.743     1.92    4.48
  45891.300    44.193     1.57    4.18
  46178.094    44.560     1.28    4.08
  46464.904    44.708     0.52    3.96
  46751.729    44.715     0.02    3.53
  47038.571    45.033     1.11    3.32
  47325.428    45.118     0.30    3.14
  47612.301    45.692     2.00    3.37
  47899.191    46.338     2.25    3.63
  48186.096    47.004     2.32    3.57
  48473.017    47.447     1.54    3.52
  48759.955    47.819     1.30    3.43
  49046.908    48.365     1.90    3.51
  49333.877    49.375     3.52    3.77
  49620.862    50.692     4.59    4.22
  49907.864    51.471     2.72    4.31
  50194.881    52.560     3.79    4.31
  50481.914    53.927     4.76    4.47
  50768.963    55.926     6.96    4.14
  51056.028    57.236     4.56    3.96
  51343.110    58.884     5.74    4.06
  51630.207    60.884     6.97    4.80
  51917.320    62.932     7.13    5.00
  52204.449    63.743     2.83    4.58
  52491.595    64.236     1.72    4.77
  52778.756    65.104     3.02    4.25
  53065.933    65.350     0.86    4.02
  53353.127    65.081    -0.94    4.11
  53640.336    64.069    -3.52    4.29
  53927.562    62.408    -5.79    4.91
  54214.803    61.208    -4.18    5.24
  54502.061    59.604    -5.58    4.83
  54789.334    59.208    -1.38    5.21
  55076.624    59.339     0.46    5.56
  55363.930    60.497     4.03    6.57
  55651.251    61.616     3.90    7.43
  55938.589    63.912     7.99    7.53
  56225.943    65.630     5.98    5.89
  56513.313    65.879     0.86    5.43
  56800.699    65.986     0.37    5.24
  57088.101    65.265    -2.51    5.40
  57375.519    64.207    -3.68    6.03
  57662.953    63.598    -2.12    6.36
  57950.404    63.504    -0.33    6.73
  58237.870    64.291     2.74    6.91
  58525.353    65.222     3.24    6.10
  58812.851    64.743    -1.66    5.96
  59100.366    63.511    -4.28    7.00
  59387.897    62.508    -3.49    7.20
  59675.443    60.868    -5.70    7.13
  59963.006    59.633    -4.30    7.51
  60250.586    57.997    -5.69    7.39
  60538.181    58.250     0.88    7.77
  60825.792    59.450     4.17    8.14
  61113.419    61.025     5.47    8.20
  61401.063    62.922     6.60    8.17
  61688.723    65.133     7.69    7.24
  61976.398    65.883     2.61    6.25
  62264.090    66.986     3.83    5.02
  62551.798    66.822    -0.57    4.63
  62839.523    65.993    -2.88    5.02
  63127.263    64.889    -3.84    5.50
  63415.019    64.109    -2.71    5.50
  63702.792    62.004    -7.32    6.10
  63990.581    60.545    -5.07    6.10
  64278.386    60.177    -1.28    6.21
  64566.207    58.971    -4.19    6.34
  64854.044    58.565    -1.41    5.95
  65141.898    58.053    -1.78    5.12
  65429.767    57.347    -2.45    4.34
  65717.653    56.405    -3.27    5.42
  66005.555    54.743    -5.77    6.26
  66293.473    53.120    -5.64    5.81
  66581.407    51.865    -4.36    5.74
  66869.358    50.780    -3.77    5.95
  67157.324    49.439    -4.66    7.12
  67445.307    49.377    -0.22    7.21
  67733.306    49.655     0.97    7.41
  68021.321    49.969     1.09    6.92
  68309.353    50.179     0.73    6.60
  68597.400    49.618    -1.95    5.53
  68885.464    49.479    -0.48    5.59
  69173.544    49.177    -1.05    5.23
  69461.641    47.836    -4.66    5.22
  69749.753    46.335    -5.21    5.43
  70037.882    44.798    -5.33    5.25
  70326.027    43.410    -4.82    5.79
  70614.188    41.708    -5.91    6.28
  70902.365    39.089    -9.09    5.58
  71190.559    37.379    -5.93    5.16
  71478.768    36.030    -4.68    4.60
  71766.995    35.178    -2.96    4.77
  72055.237    34.363    -2.83    5.15
  72343.495    33.431    -3.23    5.47
  72631.770    32.636    -2.76    5.41
  72920.061    31.486    -3.99    5.65
  73208.369    29.398    -7.24    5.65
  73496.692    27.913    -5.15    5.36
  73785.032    26.295    -5.61    4.87
  74073.388    25.033    -4.38    3.63
  74361.760    24.363    -2.32    3.01
  74650.149    24.461     0.34    3.29
  74938.554    25.419     3.32    4.36
  75226.975    27.250     6.35    5.19
  75515.412    29.442     7.60    5.58
  75803.866    31.486     7.09    5.45
  76092.336    33.993     8.69    5.73
  76380.823    35.801     6.27    5.68
  76669.325    37.926     7.37    5.53
  76957.844    39.193     4.39    5.37
  77246.379    40.099     3.14    4.96
  77534.931    40.903     2.79    4.55
  77823.499    40.990     0.30    4.68
  78112.083    40.266    -2.51    5.27
  78400.683    38.865    -4.85    6.16
  78689.300    38.048    -2.83    6.20
  78977.933    38.081     0.12    6.58
  79266.582    37.450    -2.19    6.53
  79555.248    37.113    -1.17    6.58
  79843.930    37.308     0.67    6.50
  80132.629    37.942     2.20    6.27
  80421.343    39.163     4.23    6.36
  80710.074    39.493     1.15    6.38
  80998.822    40.454     3.33    5.85
  81287.586    42.912     8.52    5.74
  81576.366    44.556     5.69    5.34
  81865.162    45.122     1.96    5.63
  82153.975    45.308     0.64    6.75
  82442.804    45.468     0.56    6.72
  82731.650    44.104    -4.72    6.94
  83020.512    41.516    -8.96    8.06
  83309.390    37.598   -13.56    8.56
  83598.285    35.322    -7.88    8.42
  83887.196    34.436    -3.07    7.88
  84176.123    33.136    -4.50    6.76
  84465.067    32.602    -1.85    6.43
  84754.027    32.193    -1.42    6.88
  85043.004    32.060    -0.46    6.91
  85331.997    30.178    -6.51    8.15
  85621.006    27.436    -9.49    9.70
  85910.032    25.321    -7.32   10.12
  86199.074    23.893    -4.94   10.62
  86488.133    22.954    -3.25   11.26
  86777.208    23.236     0.97   11.96
  87066.299    23.530     1.02   12.42
  87355.407    22.766    -2.65   12.29
  87644.531    21.530    -4.27   12.09
  87933.672    19.419    -7.30   10.98
  88222.829    17.479    -6.71    9.60
  88512.002    15.757    -5.95    7.62
  88801.192    14.560    -4.14    6.04
  89090.399    14.193    -1.27    4.63
  89379.621    13.961    -0.80    3.85
  89668.861    15.089     3.90    3.45
  89958.116    16.148     3.66    3.55
  90247.388    18.139     6.88    4.59
  90536.677    20.065     6.66    4.97
  90825.982    22.907     9.83    6.09
  91115.304    25.419     8.68    6.28
  91404.642    28.077     9.19    6.52
  91693.996    30.486     8.33    7.18
  91983.367    32.879     8.27    7.73
  92272.754    34.598     5.94    7.54
  92562.158    37.039     8.43    7.29
  92851.579    39.822     9.62    7.65
  93141.016    42.537     9.38    7.37
  93430.469    44.736     7.60    6.86
  93719.939    46.398     5.74    6.73
  94009.425    47.986     5.49    7.37
  94298.928    48.922     3.23    8.61
  94588.447    49.476     1.91    9.18
  94877.983    50.450     3.37    9.81
  95167.535    51.468     3.51    9.89
  95457.104    53.067     5.52   10.83
  95746.689    55.193     7.34   10.93
  96036.291    56.708     5.23   10.17
  96325.910    58.016     4.52    9.76
  96615.545    58.574     1.93   10.18
  96905.196    59.708     3.91    9.91
  97194.864    60.359     2.25   10.36
  97484.548    60.208    -0.52    9.41
  97774.250    60.264     0.20    8.98
  98063.967    60.613     1.20    8.16
  98353.701    60.850     0.82    7.94
  98643.452    61.868     3.51    8.48
  98933.219    60.579    -4.45    9.43
  99223.003    60.236    -1.18    8.88
  99512.803    60.469     0.80    8.66
  99802.620    61.508     3.58    7.84
 100092.453    62.493     3.40    6.89
 100382.303    62.442    -0.18    6.23
 100672.170    62.859     1.44    5.78
 100962.053    63.381     1.80    5.85
 101251.953    63.874     1.70    6.27
 101541.869    63.014    -2.97    5.80
 101831.802    63.319     1.05    5.77
 102121.752    63.536     0.75    6.14
 102411.718    63.922     1.33    6.35
 102701.700    64.971     3.62    6.46
 102991.700    64.457    -1.78    6.43
 103281.716    63.845    -2.11    6.14
 103568.936    63.077    -2.67    6.52
 103855.440    63.108     0.11    6.67
 104141.961    63.179     0.25    7.07
 104428.497    63.138    -0.14    6.66
 104715.050    63.264     0.44    6.71
 105001.619    64.555     4.50    6.56
 105288.204    64.898     1.20    5.81
 105574.806    65.179     0.98    5.39
 105861.423    65.565     1.35    5.04
 106148.057    66.602     3.62    4.95
 106434.706    67.574     3.39    5.11
 106721.372    68.880     4.56    5.57
 107008.054    70.166     4.49    5.28
 107294.752    70.946     2.72    4.81
 107581.467    71.192     0.86    4.92
 107868.197    70.019    -4.09    5.90
 108154.944    69.077    -3.29    6.25
 108441.707    68.497    -2.02    5.77
 108728.486    68.264    -0.81    5.56
 109015.281    68.278     0.05    5.40
 109302.093    68.293     0.05    5.75
 109588.920    68.236    -0.20    7.03
 109875.764    68.486     0.87    7.75
 110162.624    69.569     3.78    8.04
 110449.500    68.659    -3.18    7.71
 110736.393    67.368    -4.50    7.56
 111023.301    65.222    -7.48    7.76
 111310.226    64.828    -1.37    7.39
 111597.167    64.844     0.06    7.63
 111884.125    63.898    -3.30    7.70
 112171.098    62.608    -4.50    7.13
 112458.088    63.133     1.83    6.93
 112745.094    63.673     1.88    6.59
 113032.116    63.148    -1.83    6.29
 113319.154    63.039    -0.38    5.80
 113606.209    63.042     0.01    5.39
 113893.280    64.140     3.83    5.94
 114180.367    65.793     5.76    6.85
 114467.470    67.972     7.59    7.50
 114754.590    69.516     5.38    7.46
 115041.726    69.381    -0.47    7.23
 115328.878    70.367     3.43    7.11
 115616.046    69.942    -1.48    7.07
 115903.231    69.620    -1.12    6.60
 116190.432    69.665     0.16    6.25
 116477.649    69.167    -1.73    5.84
 116764.882    70.278     3.87    5.42
 117052.132    71.659     4.81    5.20
 117339.398    73.714     7.16    5.18
 117626.680    75.308     5.55    5.39
 117913.979    76.707     4.87    4.99
 118201.294    78.381     5.83    4.97
 118488.625    79.736     4.72    5.77
 118775.972    80.020     0.99    6.22
 119063.336    80.109     0.31    6.71
 119350.716    80.136     0.09    7.42
 119638.112    79.677    -1.60    8.13
 119925.525    79.408    -0.94    8.16
 120212.954    78.780    -2.18    7.47
 120500.399    78.222    -1.94    6.34
 120787.861    78.377     0.54    5.69
 121075.339    78.222    -0.54    5.18
 121362.833    79.433     4.21    5.91
 121650.343    81.391     6.81    6.15
 121937.870    83.322     6.72    6.61
 122225.413    85.427     7.32    7.23
 122512.973    87.294     6.49    7.17
 122800.549    89.736     8.49    7.23
 123088.141    91.278     5.36    6.52
 123375.750    92.616     4.65    6.91
 123663.374    94.097     5.15    6.77
 123951.016    94.931     2.90    6.20
 124238.673    96.264     4.64    6.10
 124526.347    97.339     3.74    5.84
 124814.038    98.180     2.92    5.76
 125101.744    99.339     4.03    5.79
 125389.468   100.208     3.02    5.61
 125677.207   101.363     4.02    5.56
 125964.963   101.976     2.13    5.29
 126252.735   102.787     2.82    5.19
 126540.524   103.681     3.11    5.40
 126828.329   105.030     4.69    5.53
 127116.150   106.306     4.43    5.37
 127403.988   107.193     3.08    5.54
 127691.842   108.633     5.00    5.76
 127979.713   108.917     0.98    5.52
 128267.600   109.065     0.51    5.47
 128555.503   108.486    -2.01    6.26
 128843.423   107.476    -3.51    6.02
 129131.359   106.405    -3.72    5.76
 129419.312   105.352    -3.66    5.28
 129707.281   104.136    -4.22    5.44
 129995.266   104.001    -0.47    5.41
 130283.268   104.193     0.67    5.44
 130571.286   104.574     1.32    5.34
 130859.321   105.101     1.83    4.67
 131147.372   105.123     0.08    4.85
 131435.440   104.408    -2.49    5.30
 131723.524   103.207    -4.17    5.56
 132011.624   102.179    -3.57    4.89
 132299.741   101.367    -2.82    4.25
 132587.875   102.011     2.24    4.51
 132876.025   103.292     4.45    4.96
 133164.191   105.389     7.28    5.27
 133452.374   107.579     7.60    5.50
 133740.573   109.167     5.51    5.03
 134028.789   110.266     3.81    3.98
 134317.021   109.772    -1.71    4.72
 134605.270   109.522    -0.87    5.62
 134893.535   108.108    -4.91    6.42
 135181.816   106.028    -7.22    6.92
 135470.115   103.950    -7.21    5.64
 135758.429   102.798    -4.00    4.34
 136046.760   102.962     0.57    4.07
 136335.108   104.004     3.61    4.40
 136623.472   106.221     7.69    4.95
 136911.853   108.150     6.69    4.80
 137200.250   109.479     4.61    4.33
 137488.663   110.222     2.58    4.14
 137777.094   110.518     1.03    4.14
 138065.540   110.592     0.26    4.69
 138354.003   110.180    -1.43    5.17
 138642.483   109.393    -2.73    5.81
 138930.979   109.295    -0.34    6.37
 139219.492   109.413     0.41    6.25
 139508.021   110.383     3.36    5.17
 139796.567   110.236    -0.51    4.87
 140085.130   108.785    -5.03    5.74
 140373.708   107.814    -3.37    6.29
 140662.304   105.222    -8.98    7.92
 140950.916   101.969   -11.27    8.07
 141239.544    98.736   -11.20    7.92
 141528.190    96.368    -8.20    7.69
 141816.851    96.236    -0.46    7.72
 142105.530    95.433    -2.78    7.44
 142394.224    94.879    -1.92    6.95
 142682.936    95.779     3.12    7.04
 142971.664    97.365     5.49    7.26
 143260.408    99.671     7.99    6.76
 143549.169   101.493     6.31    6.51
 143837.947   104.001     8.68    6.55
 144126.741   107.193    11.05    6.89
 144415.552   110.208    10.44    7.87
 144704.380   113.853    12.62    7.88
 144993.224   117.136    11.37    7.74
 145282.084   120.039    10.05    7.00
 145570.962   122.279     7.76    5.31
 145859.855   123.322     3.61    5.06
 146148.766   124.045     2.50    4.49
 146437.693   122.903    -3.95    5.14
 146726.637   120.625    -7.88    6.22
 147015.597   118.757    -6.47    6.22
 147304.574   117.800    -3.31    6.04
 147593.568   116.514    -4.45    5.24
 147882.578   115.729    -2.72    5.13
 148171.605   115.164    -1.96    5.06
 148460.648   114.536    -2.17    5.02
 148749.708   113.295    -4.29    5.69
 149038.785   109.958   -11.54    7.09
 149327.879   106.865   -10.70    8.35
 149616.989   102.839   -13.93    9.05
 149906.115    99.903   -10.16    8.35
 150195.259    97.293    -9.03    7.13
 150484.419    96.324    -3.35    6.89
 150773.595    96.508     0.63    7.31
 151062.789    97.598     3.77    7.86
 151351.999   100.536    10.16    8.76
 151641.226   103.222     9.29    7.80
 151930.469   104.113     3.08    6.34
 152219.729   104.025    -0.30    6.37
 152509.006   103.679    -1.20    7.12
 152798.299   100.413   -11.29    9.12
 153087.610    97.381   -10.48    8.73
 153376.936    95.439    -6.71    7.21
 153666.280    95.679     0.83    7.62
 153955.640    96.408     2.52    8.01
 154245.017    97.708     4.49    8.42
 154534.411    98.236     1.83    8.44
 154823.821    98.879     2.22    8.11
 155113.248    99.486     2.10    8.13
 155402.692    98.868    -2.13    7.91
 155692.153    99.138     0.93    7.17
 155981.630    99.556     1.44    6.90
 156271.124   100.222     2.30    7.46
 156560.635   101.504     4.43    7.31
 156850.162   102.307     2.77    6.98
 157139.706   102.352     0.16    7.70
 157429.267   102.067    -0.98    8.15
 157718.845   101.089    -3.38    8.52
 158008.439    99.979    -3.83    7.83
 158298.051    99.560    -1.45    7.22
 158587.679   100.236     2.33    6.94
 158877.323   100.856     2.14    6.90
 159166.985   101.979     3.88    7.75
 159456.663   104.221     7.74    8.43
 159746.358   105.679     5.03    8.70
 160036.070   105.888     0.72    8.67
 160325.798   106.123     0.81    9.22
 160615.544   106.414     1.00    9.03
 160905.306   106.583     0.58    8.33
 161195.085   106.983     1.38    7.59
 161484.880   107.335     1.22    7.93
 161774.693   108.192     2.96    7.37
 162064.522   110.685     8.60    7.21
 162354.368   111.879     4.12    7.00
 162644.231   113.671     6.18    6.25
 162934.111   115.123     5.01    5.76
 163224.008   116.108     3.40    5.21
 163513.921   116.508     1.38    5.09
 163803.851   115.950    -1.92    5.38
 164093.798   114.801    -3.96    6.14
 164383.762   112.780    -6.97    7.08
 164673.742   110.659    -7.32    6.96
 164963.740   109.194    -5.05    6.43
 165253.754   108.181    -3.49    5.63
 165542.733   108.606     1.47    6.27
 165829.198   109.616     3.53    6.70
 166115.679   111.008     4.86    6.81
 166402.177   112.565     5.44    6.63
 166688.691   115.192     9.17    6.21
 166975.221   117.793     9.08    5.73
 167261.768   121.458    12.79    7.58
 167548.331   125.417    13.82    9.19
 167834.911   128.136     9.49    8.86
 168121.506   130.602     8.61    8.11
 168408.119   132.471     6.52    6.87
 168694.747   133.222     2.62    6.18
 168981.392   133.381     0.56    6.11
 169268.054   133.766     1.34    5.78
 169554.731   133.636    -0.45    5.17
 169841.426   133.422    -0.75    5.22
 170128.136   132.983    -1.53    5.40
 170414.863   132.028    -3.33    5.38
 170701.606   131.393    -2.21    5.19
 170988.366   130.546    -2.96    4.59
 171275.142   130.365    -0.63    4.35
 171561.935   130.692     1.14    4.50
 171848.744   131.845     4.02    4.50
 172135.569   133.152     4.56    5.27
 172422.411   135.123     6.88    5.27
 172709.270   136.808     5.87    5.19
 172996.144   137.936     3.93    5.50
 173283.035   140.039     7.33    5.76
 173569.943   141.765     6.02    6.10
 173856.867   142.830     3.71    5.90
 174143.807   143.736     3.16    5.62
 174430.764   144.771     3.61    5.32
 174717.738   146.511     6.06    5.12
 175004.727   148.236     6.01    5.12
 175291.734   149.574     4.66    5.07
 175578.756   151.490     6.67    5.06
 175865.796   152.983     5.20    5.13
 176152.851   153.588     2.11    4.94
 176439.923   153.427    -0.56    5.46
 176727.012   151.457    -6.87    6.80
 177014.117   150.150    -4.55    7.27
 177301.239   148.757    -4.85    7.67
 177588.377   146.602    -7.51    7.96
 177875.531   145.308    -4.51    7.23
 178162.702   145.140    -0.58    7.22
 178449.890   146.179     3.62    6.56
 178737.093   146.993     2.84    6.25
 179024.314   147.133     0.49    5.70
 179311.551   146.671    -1.61    5.39
 179598.804   147.077     1.41    5.25
 179886.074   147.149     0.25    5.30
 180173.361   146.954    -0.68    5.17
 180460.664   146.279    -2.35    4.99
 180747.983   145.461    -2.85    5.53
 181035.320   143.954    -5.25    6.36
 181322.672   142.555    -4.87    6.33
 181610.041   140.251    -8.02    6.40
 181897.427   138.750    -5.22    5.93
 182184.829   138.025    -2.52    5.70
 182472.248   137.736    -1.00    5.76
 182759.683   138.017     0.98    6.64
 183047.135   139.125     3.86    7.19
 183334.603   139.997     3.03    6.87
 183622.088   141.194     4.17    7.08
 183909.590   141.663     1.63    6.90
 184197.108   140.091    -5.47    7.94
 184484.642   138.308    -6.20    9.14
 184772.193   134.687   -12.59   10.33
 185059.761   131.800   -10.04    9.80
 185347.345   129.138    -9.26    8.21
 185634.946   127.403    -6.03    6.59
 185922.564   126.701    -2.44    5.50
 186210.198   127.079     1.31    6.02
 186497.848   128.295     4.23    6.81
 186785.515   130.095     6.26    7.09
 187073.199   132.322     7.74    7.56
 187360.900   134.650     8.10    7.25
 187648.617   135.778     3.92    7.03
 187936.350   136.193     1.44    6.85
 188224.100   136.828     2.21    6.38
 188511.867   136.940     0.39    5.77
 188799.651   137.089     0.52    5.86
 189087.451   137.824     2.56    5.70
 189375.267   138.822     3.47    5.80
 189663.101   138.785    -0.13    5.49
 189950.951   139.722     3.25    5.81
 190238.817   140.422     2.43    5.59
 190526.700   141.138     2.49    5.43
 190814.600   141.650     1.78    5.30
 191102.517   143.278     5.66    5.87
 191390.450   145.163     6.55    5.87
 191678.399   147.565     8.34    5.72
 191966.366   149.622     7.14    6.59
 192254.349   152.722    10.77    7.19
 192542.349   155.630    10.10    7.12
 192830.365   157.969     8.12    7.21
 193118.398   161.067    10.76    7.45
 193406.448   164.293    11.20    7.13
 193694.514   165.830     5.34    6.06
 193982.597   166.721     3.09    5.27
 194270.697   166.361    -1.25    5.15
 194558.813   165.588    -2.68    5.67
 194846.946   163.401    -7.59    6.57
 195135.096   161.962    -4.99    6.50
 195423.262   160.528    -4.98    6.66
 195711.445   158.550    -6.86    7.27
 195999.645   155.622   -10.16    8.65
 196287.862   152.251   -11.70    8.88
 196576.095   150.450    -6.25    8.69
 196864.345   148.764    -5.85    8.29
 197152.612   147.784    -3.40    7.83
 197440.895   147.979     0.68    8.50
 197729.195   149.574     5.53    8.94
 198017.512   152.122     8.84    7.32
 198305.846   152.393     0.94    6.78
 198594.196   150.750    -5.70    7.08
 198882.563   148.913    -6.37    8.79
 199170.947   145.936   -10.32   10.13
 199459.347   142.639   -11.43   10.75
 199747.764   139.196   -11.94    9.25
 200036.198   136.687    -8.70    7.36
 200324.649   135.665    -3.54    6.84
 200613.116   136.957     4.48    8.05
 200901.601   139.715     9.56    9.44
 201190.102   143.048    11.55   10.00
 201478.619   146.822    13.08    9.83
 201767.154   148.444     5.62    8.90
 202055.705   148.504     0.21    9.03
 202344.273   147.894    -2.11    9.96
 202632.858   146.209    -5.84   10.70
 202921.460   143.062   -10.90   10.56
 203210.078   139.824   -11.22    9.50
 203498.713   137.250    -8.92    9.56
 203787.365   135.149    -7.28    9.65
 204076.034   132.433    -9.41    9.70
 204364.720   132.167    -0.92   10.07
 204653.422   130.736    -4.96   10.32
 204942.141   128.321    -8.37   11.53
 205230.877   124.518   -13.17   13.10
 205519.630   120.163   -15.09   14.44
 205808.399   115.765   -15.23   14.67
 206097.186   111.584   -14.48   12.57
 206385.989   108.322   -11.30    9.76
 206674.809   106.736    -5.49    8.88
 206963.646   107.490     2.61   10.08
 207252.500   111.194    12.83   12.52
 207541.370   114.377    11.02   13.21
 207830.258   116.410     7.04   12.44
 208119.162   119.221     9.73   11.85
 208408.083   120.335     3.85   11.61
 208697.021   120.532     0.68   10.50
 208985.976   120.208    -1.12   10.24
 209274.947   120.611     1.40    9.56
 209563.936   122.377     6.11    9.91
 209852.941   123.729     4.68    9.96
 210141.963   125.922     7.59   10.69
 210431.002   127.854     6.69   10.91
 210720.058   131.149    11.40   10.77
 211009.131   131.912     2.64   10.06
 211298.221   131.602    -1.07    9.01
 211587.327   131.444    -0.55    8.58
 211876.451   129.903    -5.33    8.68
 212165.591   127.081    -9.76    9.61
 212454.748   122.750   -14.98   10.87
 212743.923   118.950   -13.14   11.83
 213033.114   114.574   -15.13   12.29
 213322.322   110.350   -14.61   11.54
 213611.547   107.097   -11.25   11.04
 213900.788   102.925   -14.43    9.67
 214190.047    98.875   -14.00    9.57
 214479.323    96.264    -9.03    9.68
 214768.615    94.368    -6.55    8.48
 215057.925    93.347    -3.53    8.01
 215347.251    91.993    -4.68    7.46
 215636.594    91.622    -1.28    7.34
 215925.954    90.417    -4.17    7.97
 216215.332    89.722    -2.40    8.92
 216504.726    89.236    -1.68    9.33
 216794.137    88.389    -2.93    9.27
 217083.565    88.422     0.11    9.66
 217373.010    91.089     9.22   10.92
 217662.472    93.865     9.59   11.16
 217951.951    96.997    10.82    9.82
 218241.446   100.011    10.41    9.15
 218530.959   101.278     4.38    8.16
 218820.489   101.278     0.00    7.71
 219110.036    98.278   -10.36    9.09
 219399.600    94.308   -13.72   10.23
 219689.180    90.795   -12.13   10.51
 219978.778    87.888   -10.04   10.55
 220268.393    85.659    -7.70    9.90
 220558.024    84.011    -5.69    8.44
 220847.673    82.194    -6.27    8.40
 221137.339    80.028    -7.48    9.47
 221427.021    78.306    -5.95   10.05
 221716.721    76.036    -7.84   10.61
 222006.438    72.861   -10.96   11.21
 222296.171    69.692   -10.94   10.96
 222585.922    65.926   -13.00   10.20
 222875.690    63.125    -9.67   10.26
 223165.474    61.574    -5.35   10.90
 223455.276    60.556    -3.51    9.35
 223745.095    59.884    -2.32    8.90
 224034.931    61.060     4.06    9.02
 224324.784    63.139     7.17   10.16
 224614.654    67.465    14.93   10.35
 224904.541    73.528    20.92   10.39
 225194.445    78.884    18.48   10.51
 225484.366    84.053    17.83   10.60
 225774.304    89.067    17.30    9.51
 226064.259    92.940    13.36    7.96
 226354.231    96.004    10.57    6.13
 226644.220    97.324     4.55    5.38
 226934.227    97.321    -0.01    5.67
 227224.250    96.997    -1.12    6.47
 227514.291    95.455    -5.32    7.02
 227801.458    93.305    -7.49    7.41
 228087.887    90.569    -9.55    7.25
 228374.331    88.433    -7.46    7.13
 228660.793    87.122    -4.58    6.37
 228947.270    86.471    -2.27    5.75
 229233.765    86.816     1.20    5.43
 229520.276    87.722     3.16    6.01
 229806.804    89.814     7.30    6.62
 230093.348    91.736     6.71    6.16
 230379.909    93.875     7.47    6.51
 230666.486    95.518     5.73    6.08
 230953.080    96.067     1.92    6.10
 231239.691    95.729    -1.18    6.16
 231526.318    94.913    -2.85    5.74
 231812.962    93.946    -3.37    5.69
 232099.622    93.292    -2.28    6.29
 232386.299    93.166    -0.44    6.47
 232672.993    92.764    -1.40    6.61
 232959.703    92.011    -2.63    7.08
 233246.430    90.346    -5.81    8.28
 233533.174    88.025    -8.10    9.25
 233819.934    85.050   -10.37   10.48
 234106.711    81.471   -12.48   11.00
 234393.504    76.702   -16.63   11.48
 234680.315    72.822   -13.53   11.14
 234967.141    69.050   -13.15   10.05
 235253.985    66.546    -8.73    8.92
 235540.845    65.681    -3.02    7.95
 235827.722    66.514     2.91    7.97
 236114.615    67.236     2.52    8.13
 236401.525    68.236     3.49    7.77
 236688.452    68.677     1.54    8.06
 236975.395    67.307    -4.78   10.33
 237262.355    64.836    -8.61   12.20
 237549.332    60.504   -15.10   13.29
 237836.326    54.702   -20.22   14.04
 238123.336    49.166   -19.29   11.89
 238410.363    45.903   -11.37    9.58
 238697.406    44.167    -6.05    7.21
 238984.466    43.990    -0.62    6.58
 239271.543    45.839     6.44    7.39
 239558.637    47.922     7.26    7.72
 239845.747    50.940    10.52    7.67
 240132.874    52.625     5.87    7.06
 240420.018    54.593     6.86    6.43
 240707.178    56.030     5.01    6.19
 240994.356    56.575     1.90    6.30
 241281.550    55.569    -3.50    7.14
 241568.760    54.676    -3.11    7.55
 241855.988    54.998     1.12    7.36
 242143.232    55.111     0.39    7.84
