#   50.193   0.683   3.553 ;Mean Elev.(m), Avg Gradient(m/km), RMS Gradient(m/km) - SRTM1     
#   59.071   0.667   3.864 ;Mean Elev.(m), Avg Gradient(m/km), RMS Gradient(m/km) - ASTER GDEM
#   53.783   0.694   3.564 ;Mean Elev.(m), Avg Gradient(m/km), RMS Gradient(m/km) - GMTED2010 
   1 303.802004 -28.770202    49.468    49.310  4 54666.40741516 40.811
   2 303.800902 -28.771407    62.187    64.290  4 54676.32305892 31.362
   3 303.802706 -28.770391    82.310    72.193  5 54686.23870189 22.064
   4 303.806045 -28.769758    58.499    59.596  5 54696.15434332 35.083
   5 303.809349 -28.768241    67.946    61.274  6 54706.06998313 19.867
   6 303.805094 -28.769147    49.257    49.048  5 54715.98563469 50.261
   7 303.799235 -28.772093    54.518    54.681  4 54725.90128346 26.818
   8 303.794691 -28.772712    49.467    49.301  4 54735.81693131 48.557
   9 303.792160 -28.773404    54.339    54.413  4 54745.73257874 31.965
  10 303.792092 -28.773094    55.344    55.204  4 54755.64822618 35.127
  11 303.792844 -28.773180    53.600    53.681  3 54765.56387218 49.886
  12 303.793132 -28.773165    57.472    57.478  4 54775.47951513 51.229
  13 303.792748 -28.773401    52.755    52.718  4 54785.39515533 48.811
  14 303.794188 -28.772330    49.808    49.779  3 54795.31079425 53.279
  15 303.797991 -28.772016    49.651    49.532  4 54805.22643238 49.797
  16 303.803465 -28.770034    49.509    49.538  5 54815.14207047 49.751
  17 303.803358 -28.770522    49.239    49.151  5 54825.05771651 50.159
  18 303.798779 -28.772012    50.441    49.220  4 54834.97335563 39.212
  19 303.794462 -28.772654    63.185    65.476  4 54844.88900523 30.507
  20 303.791714 -28.773940    65.859    65.880  3 54854.80465427 30.224
  21 303.791982 -28.772992    57.071    55.967  3 54864.72030394 28.089
  22 303.791697 -28.773540    58.190    55.698  4 54874.63595289 28.790
  23 303.791547 -28.773633    53.428    52.159  4 54884.55159915 33.614
  24 303.789999 -28.773579    54.384    53.777  3 54894.46724166 31.847
  25 303.787223 -28.775151    48.260    47.979  3 54904.38288081 44.772
  26 303.787740 -28.774152    48.140    48.053  3 54914.29851924 41.987
  27 303.789808 -28.774154    48.051    48.023  3 54924.21415693 38.101
  28 303.794124 -28.773290    48.066    48.040  3 54934.12979424 47.879
  29 303.799377 -28.771777    48.342    48.414  3 54944.04542984 41.571
  30 303.803606 -28.770510    50.289    48.824  5 54953.96106323 48.973
  31 303.800970 -28.771105    47.528    47.416  4 54963.87670773 48.362
  32 303.797537 -28.772323    48.259    48.259  4 54973.79235550 35.518
  33 303.797133 -28.772461    65.337    66.208  3 54983.70800322 23.037
  34 303.799240 -28.770943    48.303    48.351  4 54993.62365125 47.694
  35 303.799148 -28.771451    48.744    48.822  4 55003.53929754 38.454
  36 303.797364 -28.772232    49.234    49.141  4 55013.45494138 50.562
  37 303.795575 -28.772944    64.850    63.985  3 55023.37058368 27.157
  38 303.795802 -28.772602    52.392    52.221  3 55033.28622549 41.135
  39 303.798787 -28.770992    50.375    50.337  4 55043.20186708 42.271
  40 303.803052 -28.770326    59.741    59.596  4 55053.11750705 35.192
  41 303.806116 -28.768958    55.960    53.501  5 55063.03314496 35.399
  42 303.802729 -28.770238    50.509    50.279  4 55072.94878891 49.453
  43 303.796509 -28.772685    54.193    53.878  4 55082.86443619 27.136
  44 303.793037 -28.772995    60.122    62.139  3 55092.78008294 32.913
  45 303.791660 -28.774001    54.703    54.710  3 55102.69572960 32.382
  46 303.792495 -28.773517    53.376    53.321  3 55112.61137646 39.607
  47 303.793834 -28.772881    53.885    54.300  3 55122.52702102 34.328
  48 303.793957 -28.773322    52.526    52.495  3 55132.44266226 39.200
  49 303.793371 -28.773451    60.520    60.736  4 55142.35830126 30.797
  50 303.793709 -28.773383    54.606    54.578  4 55152.27393955 50.595
  51 303.797096 -28.771892    56.980    57.010  4 55162.18957860 51.047
  52 303.802318 -28.769687    54.995    54.991  4 55172.10521765 42.731
  53 303.806333 -28.769522    51.675    51.573  6 55182.02085466 46.022
  54 303.802288 -28.770882    61.432    63.856  4 55191.93650461 29.395
  55 303.797402 -28.771664    49.384    49.350  4 55201.85215455 43.673
  56 303.793962 -28.772755    52.043    51.928  4 55211.76780413 48.115
  57 303.793127 -28.773204    53.364    53.345  4 55221.68345360 50.565
  58 303.792401 -28.773675    55.241    54.954  4 55231.59910184 31.882
  59 303.792227 -28.773593    55.066    54.658  3 55241.51474686 34.338
  60 303.790490 -28.773557    51.906    50.906  3 55251.43038799 39.284
  61 303.788439 -28.773998    49.421    49.457  4 55261.34602641 46.495
  62 303.788665 -28.774920    49.533    49.282  3 55271.26166374 45.933
  63 303.792243 -28.773636    50.519    50.366  3 55281.17730168 51.859
  64 303.797143 -28.771933    49.319    49.213  3 55291.09293866 42.118
  65 303.801841 -28.770651    54.601    54.576  4 55301.00857327 27.701
  66 303.799683 -28.771252    51.603    51.533  4 55310.92421946 48.562
  67 303.796885 -28.772050    55.640    55.626  3 55320.83986445 30.388
  68 303.794776 -28.773172    54.997    54.595  3 55330.75550852 29.495
  69 303.795340 -28.772526    54.929    54.941  4 55340.67115309 41.982
  70 303.797081 -28.772404    57.265    55.404  3 55350.58679740 27.431
  71 303.799451 -28.771156    49.929    49.958  3 55360.50243976 44.969
  72 303.799644 -28.771698    51.746    51.636  4 55370.41807917 39.211
  73 303.800335 -28.771444    49.975    49.841  4 55380.33371713 50.801
  74 303.802084 -28.771055    62.489    63.694  4 55390.24935437 31.633
  75 303.805972 -28.769560    53.850    53.829  6 55400.16499096 50.543
  76 303.805492 -28.770400    52.284    52.717  5 55410.08063799 41.226
  77 303.802604 -28.770288    50.471    50.376  4 55419.99628764 49.207
  78 303.797720 -28.772500    50.121    49.923  4 55429.91193370 47.730
  79 303.794677 -28.772300    48.645    48.652  3 55439.82757820 44.581
  80 303.793611 -28.772517    54.252    54.317  3 55449.74322163 30.793
  81 303.794387 -28.773030    54.514    54.553  3 55459.65886477 27.932
  82 303.796405 -28.772126    53.352    54.059  4 55469.57450741 32.569
  83 303.798403 -28.771140    53.474    54.066  4 55479.49014686 30.061
  84 303.799764 -28.771270    51.261    51.265  4 55489.40578310 47.990
  85 303.801656 -28.771288    54.198    54.164  4 55499.32141698 25.372
  86 303.802550 -28.770439    49.502    49.529  5 55509.23705734 50.907
  87 303.799912 -28.772127    48.448    48.448  2 55519.15270672 50.887
  88 303.799782 -28.771067    48.513    48.496  4 55529.06835596 48.103
  89 303.798662 -28.771838    51.740    51.677  4 55538.98400311 40.670
  90 303.797769 -28.771569    53.922    53.840  4 55548.89964849 49.844
  91 303.795632 -28.772830    55.401    56.733  4 55558.81529192 37.745
  92 303.795637 -28.772416    49.965    49.982  4 55568.73093514 49.347
  93 303.796678 -28.772427    49.765    49.645  4 55578.64657745 50.456
  94 303.798204 -28.771787    54.572    51.159  4 55588.56221752 33.522
  95 303.799563 -28.771822    51.094    51.055  4 55598.47785417 46.577
  96 303.801404 -28.770142    53.138    52.970  4 55608.39348835 50.825
  97 303.803206 -28.770269    52.156    52.209  4 55618.30912001 32.257
  98 303.802053 -28.770664    50.086    49.894  4 55628.22476634 49.263
  99 303.800831 -28.770967    50.119    49.808  4 55638.14041700 49.641
 100 303.799489 -28.771632    49.641    49.561  3 55648.05606550 41.934
 101 303.797405 -28.771904    52.658    52.656  4 55657.97171112 52.665
 102 303.795723 -28.772350    50.310    50.196  3 55667.88735286 40.928
 103 303.795933 -28.772632    53.686    53.650  4 55677.80299235 48.655
 104 303.799084 -28.771435    50.049    49.994  4 55687.71863061 49.838
 105 303.803053 -28.770332    53.384    53.250  5 55697.63426753 32.934
 106 303.807097 -28.769140    58.086    54.828  6 55707.54990349 30.427
 107 303.804037 -28.769853    49.747    49.607  4 55717.46555410 48.877
 108 303.800354 -28.771761    54.682    54.794  4 55727.38120148 27.354
 109 303.799035 -28.771723    55.396    55.422  4 55737.29684765 31.740
 110 303.798772 -28.771766    54.600    54.575  3 55747.21249256 49.048
 111 303.799436 -28.771167    51.002    50.936  4 55757.12813563 48.491
 112 303.799857 -28.771616    57.322    57.304  4 55767.04377592 51.012
 113 303.800470 -28.770938    55.626    55.639  4 55776.95941367 30.892
 114 303.800827 -28.771228    55.175    55.200  4 55786.87504877 34.295
 115 303.803568 -28.770111    52.795    52.801  4 55796.79068298 44.642
 116 303.804445 -28.770481    55.524    55.527  5 55806.70632523 48.814
 117 303.804218 -28.770377    55.420    55.467  5 55816.62197469 50.663
 118 303.803663 -28.770585    51.160    51.220  5 55826.53762083 45.329
 119 303.802779 -28.770514    50.805    50.747  4 55836.45326248 49.930
 120 303.802421 -28.769671    50.415    50.352  4 55846.36890087 42.047
 121 303.804045 -28.770183    50.513    50.403  4 55856.28453645 52.836
 122 303.805347 -28.769851    51.824    51.798  6 55866.20017908 50.904
 123 303.804087 -28.769847    49.702    49.785  5 55876.11583144 49.280
 124 303.803664 -28.769786    50.100    50.080  4 55886.03147792 47.148
 125 303.803485 -28.770049    59.057    58.668  4 55895.94711882 25.891
 126 303.805599 -28.768700    54.643    48.430  5 55905.86275525 37.431
 127 303.804225 -28.769850    64.757    64.877  5 55915.77839874 28.509
 128 303.800002 -28.771652    62.780    65.352  4 55925.69405236 28.995
 129 303.798395 -28.771406    66.442    66.563  4 55935.60970331 24.671
 130 303.796053 -28.772457    52.996    48.490  4 55945.52534902 33.710
 131 303.794099 -28.773174    66.684    66.616  4 55955.44099017 24.519
 132 303.793881 -28.772517    48.414    48.374  4 55965.35662880 47.325
 133 303.795182 -28.773007    65.756    66.190  4 55975.27226579 22.434
 134 303.800021 -28.771773    48.611    48.504  4 55985.18790237 37.616
 135 303.806378 -28.769970    48.415    48.317  6 55995.10353733 41.639
 136 303.803452 -28.770624    48.673    48.714  5 56005.01918872 48.141
 137 303.799137 -28.771195    50.382    49.006  4 56014.93483625 49.704
 138 303.794797 -28.772599    47.880    47.708  3 56024.85048072 50.651
 139 303.793955 -28.773010    50.765    48.885  4 56034.76612388 50.048
 140 303.797635 -28.771683    50.545    47.661  4 56044.68176572 40.082
 141 303.801985 -28.770679    54.721    55.059  4 56054.59740465 22.423
 142 303.806194 -28.769465    52.363    52.076  6 56064.51303982 25.812
 143 303.804858 -28.769451    48.719    47.178  5 56074.42868333 30.582
 144 303.800281 -28.770658    54.049    48.152  4 56084.34433184 48.486
 145 303.798408 -28.771508    49.286    49.346  3 56094.25997810 49.627
 146 303.799643 -28.770791    49.139    49.082  4 56104.17562280 46.837
 147 303.800172 -28.771880    52.262    48.078  4 56114.09125263 36.608
 148 303.801759 -28.771070    49.111    49.040  4 56124.00689084 40.385
 149 303.803275 -28.770193    48.702    48.393  4 56133.92252529 48.639
 150 303.802955 -28.769741    53.576    53.169  4 56143.83816469 25.095
 151 303.799582 -28.771117    54.685    54.774  3 56153.75381472 22.055
 152 303.799015 -28.771338    52.443    48.430  4 56163.66946404 28.695
 153 303.799895 -28.771191    54.938    55.065  3 56173.58511147 19.721
 154 303.801013 -28.770911    54.614    54.563  4 56183.50075383 25.473
 155 303.800441 -28.771277    50.089    49.971  4 56193.41639198 39.603
 156 303.800244 -28.770944    55.116    55.277  3 56203.33202738 36.584
 157 303.803038 -28.770413    51.509    51.492  4 56213.24766124 45.896
 158 303.809493 -28.768515    58.779    59.409  6 56223.16329486 34.263
 159 303.807529 -28.769858    54.423    54.405  6 56233.07895057 49.232
 160 303.805172 -28.770484    54.007    53.859  5 56242.99460246 30.623
 161 303.801932 -28.770550    48.697    48.765  4 56252.91025010 49.021
 162 303.799431 -28.771299    54.542    54.336  3 56262.82589339 25.939
 163 303.798926 -28.771576    49.079    49.089  3 56272.74153522 42.286
 164 303.799930 -28.771060    52.018    51.942  3 56282.65717867 52.257
 165 303.797816 -28.771767    53.113    52.696  4 56292.57283084 34.252
 166 303.794907 -28.773016    53.687    53.721  4 56302.48847826 43.667
 167 303.792455 -28.773671    50.139    50.074  4 56312.40412141 44.353
 168 303.792123 -28.773135    48.962    48.815  4 56322.31976252 49.562
 169 303.793642 -28.773275    48.797    48.633  3 56332.23540285 39.337
 170 303.797635 -28.771658    49.575    49.398  3 56342.15104324 48.913
 171 303.802353 -28.770007    49.201    49.124  4 56352.06668144 46.417
 172 303.803296 -28.770063    50.778    50.778  4 56361.98232183 49.058
 173 303.798672 -28.771131    53.028    53.122  4 56371.89797053 35.464
 174 303.794104 -28.772985    50.456    50.450  3 56381.81361657 44.586
 175 303.793288 -28.772954    52.314    52.162  3 56391.72926132 48.383
 176 303.795723 -28.772895    51.459    51.438  4 56401.64490463 44.957
 177 303.800072 -28.771000    50.715    49.247  3 56411.56054562 36.863
 178 303.804523 -28.769420    54.376    54.664  5 56421.47618143 28.678
 179 303.804287 -28.770800    50.873    49.839  5 56431.39182025 49.128
 180 303.798688 -28.771824    49.395    49.344  4 56441.30747179 50.361
 181 303.795357 -28.772727    50.176    50.202  3 56451.22312092 52.432
 182 303.795061 -28.772553    49.625    49.486  3 56461.13876825 47.908
 183 303.795253 -28.772532    52.009    51.999  4 56471.05441235 49.809
 184 303.795831 -28.772709    57.780    54.911  4 56480.97005294 33.464
 185 303.797122 -28.772014    50.346    50.229  4 56490.88569013 48.489
 186 303.799527 -28.771914    49.564    49.593  4 56500.80132506 43.295
 187 303.804968 -28.769603    54.292    53.946  5 56510.71695948 29.201
 188 303.806351 -28.769492    53.094    53.096  6 56520.63260387 49.988
 189 303.803734 -28.770015    54.192    53.896  4 56530.54825707 29.691
 191 303.798357 -28.771980    54.711    54.764  4 56550.37955081 25.541
 192 303.797062 -28.771721    54.509    54.564  3 56560.29519334 33.599
 193 303.797447 -28.772289    52.751    52.817  4 56570.21083472 30.206
 194 303.801066 -28.770946    50.298    50.336  4 56580.12647554 48.426
 195 303.806797 -28.769061    57.642    59.772  5 56590.04211275 34.930
 196 303.806346 -28.769358    59.359    59.891  6 56599.95775900 33.120
 197 303.800936 -28.771854    49.350    49.285  4 56609.87340889 37.244
 198 303.798421 -28.771964    50.751    50.777  3 56619.78905493 46.953
 199 303.797930 -28.771872    50.246    50.142  3 56629.70469819 50.044
 200 303.800078 -28.771048    50.764    50.736  4 56639.62033846 48.130
 201 303.799479 -28.771838    54.386    51.643  4 56649.53598445 34.361
 202 303.795500 -28.772692    48.971    48.899  3 56659.45163555 36.929
 203 303.792810 -28.773033    50.659    50.664  4 56669.36728274 47.207
 204 303.792515 -28.773337    50.183    50.131  3 56679.28292755 50.951
 205 303.794777 -28.772628    64.368    64.808  4 56689.19857106 26.974
 206 303.797988 -28.771650    49.902    50.211  3 56699.11421196 38.380
 207 303.801669 -28.770035    48.266    48.142  4 56709.02984842 48.016
 208 303.801865 -28.769676    49.298    49.328  4 56718.94548800 42.363
 209 303.795992 -28.772486    49.119    49.173  4 56728.86113955 35.869
 210 303.793552 -28.773077    54.193    54.078  3 56738.77678801 28.482
 211 303.794084 -28.773065    50.259    50.181  3 56748.69243307 36.508
 212 303.797538 -28.772307    53.772    49.678  3 56758.60807372 32.758
 213 303.803092 -28.770103    50.995    50.327  5 56768.52370862 37.986
 214 303.801424 -28.769994    59.276    58.849  4 56778.43935570 28.785
 215 303.795281 -28.772478    50.863    50.924  3 56788.35501004 53.822
 216 303.790991 -28.773289    55.830    54.606  4 56798.27066123 28.465
 217 303.790116 -28.773462    55.285    55.384  3 56808.18630700 35.926
 218 303.792282 -28.772853    52.693    52.665  3 56818.10194746 49.686
 219 303.794655 -28.773117    52.144    52.111  3 56828.01758422 51.859
 220 303.798437 -28.771093    58.775    58.748  4 56837.93321851 31.808
 221 303.802553 -28.770340    56.228    56.274  4 56847.84885004 41.131
 222 303.799796 -28.770769    52.489    51.435  4 56857.76450270 39.302
 223 303.798437 -28.771197    54.710    54.641  4 56867.68015609 30.499
 224 303.796687 -28.772386    54.423    54.070  3 56877.59580754 27.337
 225 303.794733 -28.772432    50.176    50.255  4 56887.51145598 46.642
 226 303.791788 -28.773543    49.021    49.069  3 56897.42710122 46.796
 227 303.790274 -28.774058    52.948    52.983  3 56907.34274378 49.599
 228 303.791815 -28.773455    51.178    51.121  4 56917.25838465 50.641
 229 303.796036 -28.772782    50.774    50.632  3 56927.17402380 39.532
 230 303.801653 -28.771411    58.050    58.093  4 56937.08965963 54.199
 231 303.807722 -28.769553    53.772    53.568  6 56947.00529102 31.548
 232 303.802933 -28.769763    51.408    51.429  4 56956.92094482 51.801
 233 303.797962 -28.772055    51.442    51.275  3 56966.83659295 35.979
 234 303.797158 -28.771687    50.768    50.762  4 56976.75223804 47.758
 235 303.798838 -28.771802    51.961    52.030  4 56986.66787883 31.776
 236 303.803535 -28.770196    54.513    54.373  4 56996.58351439 26.626
 237 303.802864 -28.770309    57.096    56.514  5 57006.49915980 26.394
 238 303.797237 -28.771675    50.431    50.162  4 57016.41481370 49.973
 239 303.793234 -28.773354    56.696    56.709  4 57026.33046358 52.605
 240 303.793421 -28.772660    55.627    55.572  4 57036.24611212 32.215
 241 303.795513 -28.772486    52.987    52.895  3 57046.16175804 49.180
 242 303.798248 -28.771907    51.322    51.416  3 57056.07740073 51.248
 243 303.799973 -28.771338    50.341    50.250  4 57065.99303817 47.471
 244 303.801266 -28.771256    55.648    55.687  4 57075.90867123 26.509
 245 303.805568 -28.769230    50.858    50.915  5 57085.82430208 42.584
 246 303.801887 -28.769886    49.931    49.819  4 57095.73995901 48.931
 247 303.798842 -28.771700    48.972    49.066  3 57105.65561501 47.639
 248 303.798151 -28.772108    51.219    50.846  4 57115.57126679 33.809
 249 303.797688 -28.771568    55.025    53.493  3 57125.48691236 28.939
 250 303.796508 -28.772212    50.571    50.553  4 57135.40255200 45.417
 251 303.798016 -28.771776    49.295    49.314  4 57145.31818761 46.415
 252 303.801955 -28.771251    50.014    50.021  4 57155.23382084 49.912
 253 303.805150 -28.770241    53.146    54.498  5 57165.14946038 28.540
 254 303.802339 -28.769922    51.977    51.804  4 57175.06511622 51.385
 255 303.798615 -28.771307    49.194    49.197  3 57184.98076809 47.969
 256 303.795305 -28.772336    53.375    53.337  3 57194.89641624 50.693
 257 303.793260 -28.772979    53.117    52.901  3 57204.81205112 48.481
 258 303.793748 -28.773267    54.639    54.571  4 57214.72769657 49.958
 259 303.797005 -28.772376    57.450    57.388  3 57224.64334106 51.614
 260 303.800493 -28.770851    53.093    52.971  4 57234.55898376 37.401
 261 303.801350 -28.771413    55.550    55.521  4 57244.47462249 28.848
 262 303.802580 -28.769640    50.258    50.265  4 57254.39025892 49.444
 263 303.803590 -28.770750    50.216    50.009  5 57264.30589325 48.141
 264 303.806705 -28.769631    49.567    49.544  6 57274.22153319 49.665
 265 303.805033 -28.770573    51.262    49.911  5 57284.13718976 47.435
 266 303.803404 -28.770615    50.709    50.506  5 57294.05284385 47.850
 267 303.799959 -28.771771    56.803    54.627  4 57303.96849415 35.645
 268 303.796199 -28.772148    54.864    54.833  3 57313.88414106 35.009
 269 303.793066 -28.773015    54.764    54.816  4 57323.79978494 49.033
 270 303.793202 -28.773177    51.808    51.798  4 57333.71542750 48.601
 271 303.796465 -28.772071    56.493    56.443  3 57343.63106868 42.768
 272 303.793998 -28.772402    54.010    54.226  3 57353.54672226 34.748
 273 303.793667 -28.772823    55.392    55.435  4 57363.46236673 50.220
 274 303.793567 -28.772943    56.823    56.869  4 57373.37800771 52.744
 275 303.795004 -28.772414    57.442    57.426  3 57383.29364691 52.592
 276 303.798492 -28.771622    54.361    54.353  3 57393.20928573 49.050
 277 303.803822 -28.770408    50.860    50.956  5 57403.12492386 49.138
 278 303.806146 -28.768948    49.647    49.404  5 57413.04056891 49.034
 279 303.801846 -28.771305    52.713    52.678  4 57422.95621976 45.300
 280 303.797285 -28.772101    50.612    50.577  3 57432.87186838 41.365
 281 303.794229 -28.773147    52.822    53.807  3 57442.78751535 33.628
 282 303.794590 -28.773198    56.381    54.785  3 57452.70316219 26.217
 283 303.797240 -28.771778    50.709    50.636  4 57462.61880775 44.964
 284 303.800090 -28.771961    53.655    54.247  4 57472.53444930 29.636
 285 303.802474 -28.770594    51.337    50.758  5 57482.45008705 38.263
 286 303.802863 -28.770878    50.858    50.680  5 57492.36572089 48.459
 287 303.805397 -28.770422    50.815    50.573  5 57502.28135284 48.842
 288 303.803715 -28.769963    51.387    50.690  5 57512.19700247 48.110
 289 303.800769 -28.771082    51.517    51.484  4 57522.11265652 52.027
 290 303.798882 -28.771617    51.288    51.163  4 57532.02830846 47.930
 291 303.796683 -28.772445    50.065    49.943  4 57541.94395712 49.494
 292 303.795229 -28.772282    49.503    49.619  4 57551.85960342 47.169
 293 303.794503 -28.772559    49.268    49.350  3 57561.77524845 50.748
 294 303.795030 -28.772798    49.290    49.316  4 57571.69089332 40.527
 295 303.796986 -28.771863    60.522    60.515  4 57581.60653843 29.112
 296 303.799093 -28.771163    50.579    50.565  4 57591.52218162 45.841
 297 303.799719 -28.771479    57.595    55.008  3 57601.43782170 26.025
