-307409.205    44.042     0.00    1.75
-307119.451    43.971    -0.25    1.65
-306829.715    43.981     0.04    1.56
-306539.996    43.836    -0.50    1.55
-306250.295    43.687    -0.51    1.49
-305960.611    43.507    -0.62    1.57
-305670.944    43.150    -1.23    1.40
-305381.295    43.033    -0.40    1.62
-305091.663    42.518    -1.78    1.61
-304802.049    42.051    -1.61    1.75
-304512.452    41.296    -2.61    1.39
-304222.872    40.864    -1.49    1.46
-303933.310    40.401    -1.60    1.51
-303643.765    39.989    -1.42    1.34
-303354.238    39.683    -1.06    1.75
-303064.727    39.503    -0.62    2.07
-302775.235    39.135    -1.27    2.13
-302485.759    38.781    -1.22    2.16
-302196.301    38.443    -1.17    1.25
-301906.860    38.453     0.03    1.21
-301617.437    38.643     0.65    1.29
-301328.031    38.699     0.19    1.37
-301038.642    38.784     0.29    1.39
-300749.271    38.962     0.62    1.46
-300459.917    39.192     0.80    1.46
-300170.580    39.389     0.68    1.54
-299881.261    39.615     0.78    1.74
-299591.958    39.795     0.62    1.68
-299302.674    39.909     0.40    1.66
-299013.406    40.108     0.69    1.58
-298724.156    40.295     0.65    1.39
-298434.923    40.425     0.45    1.24
-298145.708    40.558     0.46    1.45
-297856.509    40.823     0.92    1.53
-297567.329    41.029     0.71    1.58
-297278.165    41.258     0.79    1.53
-296989.019    41.434     0.61    1.50
-296699.889    41.674     0.83    1.52
-296410.778    41.920     0.85    1.49
-296121.683    42.101     0.62    1.36
-295832.606    42.263     0.56    1.21
-295543.546    42.309     0.16    1.17
-295254.503    42.462     0.53    1.04
-294965.478    42.674     0.74    1.08
-294676.470    42.976     1.04    1.37
-294387.479    43.272     1.03    1.62
-294098.505    43.488     0.75    1.70
-293809.549    43.781     1.02    1.78
-293520.609    44.093     1.08    1.66
-293231.688    44.168     0.26    1.63
-292942.783    44.277     0.38    1.47
-292653.895    44.122    -0.54    1.25
-292365.025    43.909    -0.74    1.11
-292076.172    44.045     0.47    1.06
-291787.336    44.122     0.27    1.64
-291498.518    44.037    -0.29    1.60
-291209.717    44.375     1.17    1.95
-290920.932    44.434     0.20    1.94
-290632.166    44.319    -0.40    1.63
-290343.416    44.150    -0.59    1.67
-290054.683    44.079    -0.24    1.68
-289765.968    43.762    -1.10    1.27
-289477.270    43.558    -0.71    1.21
-289188.589    43.489    -0.24    1.15
-288899.925    43.434    -0.19    1.09
-288611.279    43.272    -0.56    1.14
-288322.649    43.340     0.24    1.09
-288034.037    43.164    -0.61    1.02
-287745.442    43.115    -0.17    1.07
-287456.864    43.059    -0.19    1.13
-287168.304    42.865    -0.67    1.13
-286879.760    42.758    -0.37    1.16
-286591.234    42.587    -0.59    1.05
-286302.725    42.641     0.19    1.12
-286014.233    42.755     0.40    1.10
-285725.758    42.898     0.49    1.14
-285437.300    42.989     0.32    1.15
-285148.859    43.050     0.21    1.12
-284860.436    43.051     0.00    1.11
-284572.030    43.079     0.10    1.02
-284283.641    43.108     0.10    0.95
-283995.268    43.053    -0.19    1.31
-283706.914    43.155     0.35    1.28
-283418.576    43.009    -0.51    1.33
-283130.255    42.992    -0.06    1.33
-282841.951    43.064     0.25    1.41
-282553.665    43.166     0.35    1.38
-282265.396    43.258     0.32    1.28
-281977.143    43.108    -0.52    1.04
-281688.908    42.995    -0.39    1.16
-281400.690    43.162     0.58    1.26
-281112.489    43.330     0.58    1.60
-280824.305    43.198    -0.46    1.68
-280536.139    43.601     1.40    2.56
-280247.989    43.716     0.40    2.62
-279959.856    43.571    -0.50    2.69
-279671.741    43.206    -1.27    1.59
-279383.642    43.031    -0.61    1.63
-279095.561    42.906    -0.43    1.23
-278807.497    42.929     0.08    1.17
-278519.449    42.929     0.00    1.12
-278231.419    42.981     0.18    1.19
-277943.406    43.114     0.46    1.11
-277655.410    42.934    -0.63    1.16
-277367.431    42.792    -0.49    1.21
-277079.469    42.699    -0.32    1.22
-276791.524    42.671    -0.10    1.23
-276503.596    42.657    -0.05    1.27
-276215.685    42.741     0.29    1.49
-275927.791    42.727    -0.05    1.45
-275639.914    42.755     0.10    1.41
-275352.054    43.220     1.62    1.90
-275064.212    43.189    -0.11    1.94
-274776.386    43.180    -0.03    1.95
-274488.577    43.253     0.25    1.99
-274200.785    43.051    -0.70    2.06
-273913.011    42.833    -0.76    2.35
-273625.253    42.505    -1.14    2.30
-273337.512    42.198    -1.07    2.27
-273049.788    41.826    -1.29    2.16
-272762.081    41.658    -0.58    2.14
-272474.392    41.248    -1.43    2.31
-272186.719    40.934    -1.09    2.45
-271899.063    40.916    -0.06    2.78
-271611.424    40.698    -0.76    2.90
-271323.802    40.299    -1.39    2.79
-271036.198    40.244    -0.19    2.68
-270748.610    40.323     0.27    2.70
-270461.039    40.770     1.55    2.69
-270173.485    41.272     1.75    2.53
-269885.948    41.924     2.27    2.43
-269598.428    42.441     1.80    2.23
-269310.924    42.614     0.60    2.15
-269023.438    42.795     0.63    2.34
-268735.969    42.751    -0.15    2.45
-268448.517    42.518    -0.81    2.52
-268161.081    42.291    -0.79    2.49
-267873.663    41.967    -1.13    2.50
-267586.261    41.743    -0.78    2.46
-267298.877    41.733    -0.04    3.02
-267011.509    41.586    -0.51    3.00
-266724.158    41.381    -0.71    3.00
-266436.825    41.079    -1.05    3.07
-266149.508    41.253     0.61    3.23
-265862.208    41.094    -0.56    2.47
-265574.925    41.164     0.24    2.57
-265287.658    41.115    -0.17    2.19
-265000.409    41.029    -0.30    2.06
-264713.177    40.762    -0.93    1.88
-264425.961    40.427    -1.17    2.06
-264138.763    39.507    -3.20    2.24
-263851.581    38.798    -2.47    2.40
-263564.416    37.726    -3.73    2.32
-263277.268    36.573    -4.01    2.44
-262990.137    35.755    -2.85    2.59
-262703.023    34.429    -4.62    2.54
-262415.925    33.515    -3.19    2.52
-262128.845    32.512    -3.49    2.39
-261841.781    31.829    -2.38    2.31
-261554.735    31.168    -2.30    2.34
-261267.705    30.657    -1.78    2.14
-260980.692    30.448    -0.73    2.04
-260693.695    30.231    -0.76    1.98
-260406.716    30.446     0.75    1.95
-260119.753    30.372    -0.26    1.81
-259832.808    30.801     1.49    2.05
-259545.879    31.336     1.87    2.20
-259258.967    31.901     1.97    2.45
-258972.072    32.683     2.73    2.51
-258685.193    33.503     2.86    2.45
-258398.332    34.045     1.89    2.38
-258111.487    34.724     2.37    2.10
-257824.659    35.375     2.27    1.92
-257537.848    36.186     2.83    2.17
-257251.054    36.781     2.07    2.00
-256964.276    37.277     1.73    1.80
-256677.515    37.786     1.78    1.69
-256390.771    38.087     1.05    1.65
-256104.044    38.226     0.48    1.83
-255817.334    37.948    -0.97    1.79
-255530.640    37.559    -1.35    2.22
-255243.964    37.220    -1.18    2.39
-254957.304    36.803    -1.45    2.34
-254670.660    36.559    -0.85    2.21
-254384.034    36.468    -0.32    2.11
-254097.424    36.686     0.76    2.42
-253810.831    37.267     2.03    2.72
-253524.255    37.795     1.84    2.73
-253237.696    38.431     2.22    2.61
-252951.153    39.073     2.24    2.39
-252664.627    39.812     2.58    2.27
-252378.118    40.201     1.36    2.09
-252091.626    40.781     2.03    2.05
-251805.150    41.365     2.04    2.09
-251518.691    42.072     2.47    2.04
-251232.249    42.713     2.24    1.86
-250945.823    43.192     1.67    1.68
-250657.598    43.559     1.27    1.51
-250367.542    43.934     1.29    1.39
-250077.503    43.910    -0.08    1.32
-249787.482    43.986     0.26    1.32
-249497.478    43.888    -0.34    1.30
-249207.491    43.748    -0.48    1.45
-248917.521    43.347    -1.38    1.56
-248627.569    42.943    -1.39    1.57
-248337.634    42.736    -0.72    1.52
-248047.716    42.642    -0.32    1.53
-247757.815    42.517    -0.43    1.63
-247467.932    42.498    -0.07    1.58
-247178.066    42.642     0.50    1.67
-246888.217    42.696     0.19    1.52
-246598.385    42.772     0.26    1.44
-246308.570    42.823     0.18    1.26
-246018.772    42.812    -0.04    1.25
-245728.992    42.749    -0.22    1.44
-245439.229    42.685    -0.22    2.00
-245149.483    42.502    -0.63    2.04
-244859.754    42.395    -0.37    1.90
-244570.043    42.327    -0.24    2.12
-244280.348    42.315    -0.04    2.03
-243990.671    42.045    -0.93    1.97
-243701.011    41.924    -0.42    1.99
-243411.368    41.628    -1.02    1.51
-243121.742    41.657     0.10    1.55
-242832.134    41.277    -1.31    1.45
-242542.542    41.258    -0.07    1.44
-242252.968    41.071    -0.64    1.56
-241963.411    41.009    -0.21    1.52
-241673.871    40.781    -0.79    1.52
-241384.348    40.560    -0.76    1.75
-241094.842    40.114    -1.54    1.61
-240805.354    39.671    -1.53    1.55
-240515.882    39.115    -1.92    1.28
-240226.428    38.753    -1.25    1.31
-239936.991    38.195    -1.93    1.35
-239647.571    37.629    -1.95    1.51
-239358.168    36.902    -2.51    1.54
-239068.782    36.347    -1.92    1.55
-238779.413    35.779    -1.96    1.44
-238490.061    35.244    -1.85    1.35
-238200.726    34.958    -0.99    1.19
-237911.409    34.689    -0.93    1.28
-237622.109    34.543    -0.50    1.28
-237332.825    34.375    -0.58    1.26
-237043.559    34.164    -0.73    1.38
-236754.310    33.833    -1.14    1.41
-236465.078    33.291    -1.88    1.79
-236175.863    32.586    -2.44    1.93
-235886.665    31.656    -3.22    2.12
-235597.484    30.865    -2.74    2.11
-235308.320    30.115    -2.59    1.91
-235019.173    29.815    -1.04    1.84
-234730.044    29.685    -0.45    1.84
-234440.931    29.712     0.09    1.83
-234151.835    30.121     1.42    2.33
-233862.757    30.295     0.60    2.25
-233573.695    30.229    -0.23    2.30
-233284.651    29.615    -2.13    2.72
-232995.623    29.292    -1.12    2.78
-232706.613    29.029    -0.91    2.76
-232417.620    29.327     1.03    2.84
-232128.643    29.559     0.81    2.64
-231839.684    30.212     2.26    2.67
-231550.742    31.253     3.61    2.37
-231261.816    32.073     2.84    1.93
-230972.908    32.673     2.08    1.61
-230684.017    32.958     0.99    1.47
-230395.143    33.203     0.85    1.34
-230106.285    33.558     1.23    1.21
-229817.445    33.779     0.76    1.10
-229528.622    33.898     0.41    1.13
-229239.815    34.156     0.89    1.03
-228951.026    34.017    -0.48    1.08
-228662.254    33.806    -0.73    1.22
-228373.498    33.431    -1.30    1.42
-228084.760    33.080    -1.22    1.51
-227796.039    32.543    -1.86    1.71
-227507.334    31.989    -1.92    1.99
-227218.647    31.415    -1.99    2.08
-226929.976    30.952    -1.60    2.23
-226641.323    30.489    -1.60    2.32
-226352.686    30.064    -1.47    2.30
-226064.066    29.409    -2.27    2.55
-225775.464    28.546    -2.99    2.80
-225486.878    27.515    -3.57    2.96
-225198.309    27.136    -1.31    2.86
-224909.757    26.502    -2.20    2.86
-224621.222    26.295    -0.72    2.89
-224332.704    26.389     0.33    2.83
-224044.203    26.924     1.86    3.27
-223755.719    27.847     3.20    3.52
-223467.252    28.851     3.48    3.58
-223178.802    29.939     3.77    3.70
-222890.368    31.122     4.10    3.35
-222601.952    32.420     4.50    2.70
-222313.552    33.162     2.57    2.40
-222025.169    33.615     1.57    1.98
-221736.804    34.234     2.15    1.88
-221448.455    34.729     1.72    1.52
-221160.123    34.983     0.88    1.52
-220871.808    35.262     0.97    1.40
-220583.509    35.446     0.64    1.38
-220295.228    35.753     1.07    1.33
-220006.964    35.962     0.72    1.70
-219718.716    35.833    -0.44    1.78
-219430.485    35.868     0.12    1.75
-219142.271    35.572    -1.03    1.82
-218854.074    35.386    -0.65    1.83
-218565.894    35.321    -0.23    1.88
-218277.731    34.701    -2.15    1.61
-217989.585    34.505    -0.68    1.44
-217701.455    34.285    -0.76    1.44
-217413.342    33.878    -1.41    1.47
-217125.246    33.503    -1.30    1.48
-216837.167    33.122    -1.33    1.58
-216549.105    32.701    -1.46    1.66
-216261.060    32.417    -0.98    1.68
-215973.031    32.071    -1.20    1.59
-215685.020    31.501    -1.98    1.55
-215397.025    31.003    -1.73    1.71
-215109.047    30.628    -1.31    1.70
-214821.085    30.248    -1.32    1.76
-214533.141    29.837    -1.43    1.80
-214245.213    29.233    -2.10    2.00
-213957.303    28.724    -1.77    2.09
-213669.409    28.503    -0.77    2.21
-213381.531    28.145    -1.25    2.34
-213093.671    27.530    -2.14    2.41
-212805.827    26.989    -1.88    2.16
-212518.000    26.519    -1.63    2.24
-212230.190    25.823    -2.42    2.34
-211942.397    25.486    -1.17    2.25
-211654.621    24.939    -1.90    2.03
-211366.861    24.784    -0.54    2.03
-211079.118    24.543    -0.84    2.13
-210791.392    24.258    -0.99    2.01
-210503.682    23.888    -1.28    1.96
-210215.990    23.572    -1.10    1.92
-209928.314    23.327    -0.85    2.21
-209640.655    23.337     0.04    2.33
-209353.012    23.629     1.02    2.41
-209065.387    24.042     1.43    2.62
-208777.778    24.406     1.27    2.71
-208490.186    24.601     0.68    2.54
-208202.610    24.474    -0.44    2.47
-207915.052    24.601     0.44    2.55
-207627.510    24.823     0.77    2.68
-207339.985    24.943     0.42    2.79
-207052.476    25.299     1.24    2.87
-206764.984    26.006     2.46    2.85
-206477.509    26.818     2.82    2.41
-206190.051    27.488     2.33    1.95
-205902.609    27.659     0.60    1.82
-205615.184    27.615    -0.15    1.81
-205327.776    27.460    -0.54    1.88
-205040.385    27.155    -1.06    1.87
-204753.010    26.878    -0.96    1.63
-204465.652    26.726    -0.53    1.59
-204178.310    26.395    -1.15    1.42
-203890.986    26.375    -0.07    1.26
-203603.677    26.327    -0.17    1.23
-203316.386    26.186    -0.49    1.30
-203029.111    26.017    -0.59    1.32
-202741.853    26.079     0.22    1.43
-202454.612    26.006    -0.26    1.74
-202167.387    25.823    -0.64    2.04
-201880.179    25.786    -0.13    2.17
-201592.988    25.601    -0.65    2.22
-201305.813    25.586    -0.05    2.31
-201018.655    25.715     0.45    2.42
-200731.514    25.642    -0.25    2.16
-200444.389    25.767     0.44    1.85
-200157.281    26.023     0.89    1.77
-199870.189    26.162     0.48    1.66
-199583.114    26.392     0.80    1.55
-199296.056    26.291    -0.35    1.44
-199009.015    26.395     0.36    1.47
-198721.990    26.429     0.12    1.63
-198434.981    26.311    -0.41    1.48
-198147.990    26.516     0.72    1.68
-197861.015    26.464    -0.18    1.66
-197574.056    26.436    -0.10    1.46
-197287.114    26.586     0.52    1.37
-197000.189    26.518    -0.24    1.29
-196713.280    26.130    -1.35    1.38
-196426.388    26.064    -0.23    1.72
-196139.513    25.795    -0.94    1.77
-195852.654    25.645    -0.52    1.87
-195565.811    25.358    -1.00    1.87
-195278.986    25.087    -0.95    1.99
-194992.177    24.911    -0.61    1.99
-194705.384    25.184     0.95    1.73
-194418.608    25.037    -0.51    1.45
-194131.849    25.218     0.63    1.13
-193845.106    25.239     0.07    1.00
-193558.380    25.209    -0.11    1.06
-193271.670    25.145    -0.23    1.01
-192984.977    25.244     0.35    1.18
-192698.300    25.143    -0.35    1.25
-192411.640    25.006    -0.48    1.53
-192124.997    24.726    -0.98    1.88
-191838.370    24.530    -0.68    2.06
-191551.759    24.218    -1.09    2.73
-191265.165    21.924    -8.00    6.85
-190978.588    19.528    -8.36    7.94
-190692.027    16.586   -10.27    8.56
-190405.483    12.809   -13.18    8.93
-190118.955     9.837   -10.37    8.21
-189832.444     7.253    -9.02    6.54
-189545.949     6.135    -3.90    5.09
-189259.471     5.319    -2.85    4.76
-188973.009     4.079    -4.33    3.82
-188686.524     3.615    -1.62    3.53
-188396.468     2.968    -2.23    2.34
-188106.429     2.972     0.01    1.68
-187816.406     3.094     0.42    1.42
-187526.401     2.749    -1.19    1.07
-187236.413     2.629    -0.42    1.07
-186946.442     2.643     0.05    1.07
-186656.488     2.806     0.56    1.34
-186366.551     2.770    -0.13    1.39
-186076.630     2.770     0.00    1.57
-185786.727     2.986     0.75    1.70
-185496.841     3.351     1.26    1.81
-185206.972     3.643     1.01    1.91
-184917.119     3.573    -0.24    2.08
-184627.284     3.248    -1.12    2.03
-184337.466     2.977    -0.94    1.94
-184047.664     2.983     0.02    1.95
-183757.880     2.685    -1.03    1.75
-183468.112     2.572    -0.39    1.64
-183178.362     2.460    -0.39    1.51
-182888.628     2.364    -0.33    1.05
-182598.912     2.503     0.48    1.01
-182309.212     2.460    -0.15    0.99
-182019.529     2.315    -0.50    0.89
-181729.863     2.203    -0.38    1.01
-181440.214     2.101    -0.36    1.02
-181150.582     2.025    -0.26    1.01
-180860.967     2.039     0.05    1.07
-180571.369     1.981    -0.20    1.05
-180281.788     1.916    -0.23    1.01
-179992.224     1.958     0.15    1.09
-179702.676     1.934    -0.08    1.04
-179413.146     1.868    -0.23    1.03
-179123.632     1.851    -0.06    1.03
-178834.136     1.868     0.06    0.93
-178544.656     1.892     0.08    0.88
-178255.193     2.019     0.44    0.91
-177965.747     2.114     0.33    1.32
-177676.318     1.919    -0.67    1.49
-177386.906     1.777    -0.49    1.63
-177097.510     1.586    -0.66    1.69
-176808.132     1.412    -0.60    1.74
-176518.770     1.150    -0.91    1.75
-176229.425     1.253     0.36    2.13
-175940.098     1.277     0.08    2.00
-175650.787     1.713     1.51    2.05
-175361.492     1.840     0.44    2.10
-175072.215     2.027     0.65    2.26
-174782.955     2.762     2.54    3.34
-174493.711     3.129     1.27    3.35
-174204.484     2.741    -1.34    3.09
-173915.274     3.015     0.95    3.24
-173626.081     4.417     4.85    4.74
-173336.905     6.101     5.82    5.49
-173047.746     8.058     6.77    5.74
-172758.603     8.587     1.83    5.76
-172469.477     9.262     2.34    5.55
-172180.368     8.934    -1.14    5.60
-171891.276     7.295    -5.67    5.73
-171602.201     5.357    -6.70    5.25
-171313.143     3.801    -5.39    4.49
-171024.101     2.248    -5.37    2.63
-170735.076     1.586    -2.29    0.96
-170446.068     1.545    -0.14    0.96
-170157.077     1.369    -0.61    1.02
-169868.102     1.395     0.09    1.09
-169579.144     1.518     0.43    1.74
-169290.203     1.329    -0.66    1.83
-169001.279     1.114    -0.74    1.89
-168712.372     1.073    -0.14    1.97
-168423.481     1.401     1.13    2.48
-168134.607     1.745     1.19    2.90
-167845.750     2.488     2.57    3.42
-167556.910     3.292     2.78    3.55
-167268.087     3.953     2.29    3.30
-166979.280     4.087     0.46    3.07
-166690.490     3.641    -1.54    2.82
-166401.717     3.108    -1.85    2.54
-166112.960     2.530    -2.00    2.19
-165824.220     1.806    -2.51    1.45
-165535.497     1.872     0.23    1.52
-165246.791     1.673    -0.69    1.46
-164958.101     1.601    -0.25    1.37
-164669.429     1.462    -0.48    0.77
-164380.773     1.558     0.33    0.86
-164092.133     1.545    -0.04    0.90
-163803.511     1.643     0.34    0.85
-163514.905     1.673     0.10    0.85
-163226.315     1.703     0.11    0.85
-162937.743     1.715     0.04    0.84
-162649.187     1.629    -0.30    0.86
-162360.648     1.572    -0.20    0.84
-162072.126     1.670     0.34    0.84
-161783.620     1.643    -0.09    0.84
-161495.131     1.629    -0.05    0.83
-161206.659     1.515    -0.39    0.81
-160918.203     1.542     0.09    0.83
-160629.764     1.586     0.15    0.81
-160341.342     1.643     0.20    0.82
-160052.936     1.715     0.25    0.84
-159764.547     1.729     0.05    0.85
-159476.175     1.826     0.34    0.85
-159187.819     1.895     0.24    0.83
-158899.481     1.890    -0.01    0.79
-158611.158     1.876    -0.05    0.82
-158322.853     1.880     0.01    0.83
-158034.564     1.995     0.40    0.84
-157746.291     1.943    -0.18    0.85
-157458.036     2.039     0.33    0.87
-157169.797     2.114     0.26    0.87
-156881.574     2.170     0.19    0.85
-156593.369     2.220     0.17    0.83
-156305.180     2.229     0.03    0.80
-156017.007     2.262     0.12    0.84
-155728.851     2.209    -0.18    0.93
-155440.712     2.135    -0.26    0.88
-155152.589     2.045    -0.31    0.92
-154864.483     1.910    -0.47    0.96
-154576.394     1.981     0.24    0.99
-154288.321     2.029     0.17    0.99
-154000.265     1.929    -0.35    0.97
-153712.226     1.878    -0.18    0.94
-153424.203     1.762    -0.40    0.87
-153136.196     1.601    -0.56    0.92
-152848.206     1.488    -0.39    0.92
-152560.233     1.438    -0.17    0.98
-152272.277     1.446     0.03    0.97
-151984.337     1.415    -0.11    1.00
-151696.413     1.306    -0.38    0.96
-151408.506     1.403     0.34    0.99
-151120.616     1.439     0.12    1.00
-150832.742     1.470     0.11    0.98
-150544.885     1.558     0.31    1.01
-150257.045     1.474    -0.29    1.01
-149969.221     1.460    -0.05    0.96
-149681.413     1.351    -0.38    0.99
-149393.622     1.358     0.02    0.91
-149105.848     1.296    -0.21    0.97
-148818.090     1.186    -0.38    0.94
-148530.349     1.130    -0.20    0.87
-148242.624     1.286     0.54    0.96
-147954.916     1.351     0.22    0.98
-147667.224     1.330    -0.07    1.04
-147379.549     1.234    -0.33    1.02
-147091.890     1.243     0.03    0.96
-146804.248     1.130    -0.39    0.91
-146516.622     1.150     0.07    0.95
-146229.013     1.093    -0.20    0.95
-145941.421     1.029    -0.22    0.89
-145653.845     1.087     0.20    0.98
-145366.285     1.122     0.12    0.94
-145078.742     1.192     0.24    0.93
-144791.215     1.253     0.21    0.92
-144503.705     1.272     0.06    0.88
-144216.212     1.325     0.19    0.89
-143928.735     1.262    -0.22    0.83
-143641.274     1.248    -0.05    0.77
-143353.830     1.315     0.23    0.82
-143066.402     1.277    -0.13    0.82
-142778.991     1.330     0.19    0.80
-142491.597     1.378     0.17    0.79
-142204.218     1.443     0.23    0.88
-141916.857     1.439    -0.02    0.99
-141629.511     1.529     0.31    0.97
-141342.182     1.658     0.45    0.98
-141054.870     1.687     0.10    1.03
-140767.574     1.906     0.76    1.10
-140480.295     1.953     0.16    1.12
-140193.031     1.976     0.08    1.09
-139905.785     2.037     0.21    1.09
-139618.555     2.108     0.25    1.08
-139331.341     2.224     0.40    1.06
-139044.144     2.305     0.28    1.06
-138756.963     2.380     0.26    1.03
-138469.798     2.415     0.12    1.03
-138182.650     2.333    -0.29    1.08
-137895.519     2.330    -0.01    1.15
-137608.404     2.295    -0.12    1.17
-137321.305     2.220    -0.26    1.15
-137034.222     2.203    -0.06    1.17
-136747.156     2.239     0.13    1.24
-136460.107     2.238    -0.00    1.12
-136173.074     2.292     0.19    1.10
-135886.057     2.340     0.17    1.07
-135599.056     2.229    -0.39    1.05
-135312.072     2.364     0.47    1.03
-135025.105     2.347    -0.06    1.02
-134738.154     2.248    -0.34    1.02
-134451.219     2.166    -0.29    0.98
-134164.300     2.286     0.42    1.04
-133877.398     2.365     0.28    1.04
-133590.512     2.441     0.26    1.07
-133303.643     2.392    -0.17    1.11
-133016.790     2.465     0.26    1.09
-132729.953     2.586     0.42    1.25
-132443.133     2.698     0.39    1.29
-132156.329     2.558    -0.49    1.30
-131869.542     2.488    -0.24    1.28
-131582.770     2.412    -0.26    1.19
-131296.015     2.424     0.04    1.15
-131009.277     2.375    -0.17    1.11
-130722.555     2.347    -0.10    0.89
-130435.849     2.337    -0.04    0.84
-130149.159     2.409     0.25    0.91
-129862.486     2.361    -0.17    0.90
-129575.829     2.415     0.19    0.89
-129289.188     2.301    -0.40    0.89
-129002.564     2.277    -0.08    0.95
-128715.956     2.282     0.02    1.05
-128429.364     2.262    -0.07    1.08
-128142.789     2.046    -0.75    1.07
-127856.230     2.164     0.41    1.14
-127569.687     2.108    -0.20    1.12
-127283.161     1.992    -0.40    1.15
-126996.651     2.015     0.08    1.20
-126710.157     1.905    -0.38    1.12
-126421.768     1.733    -0.60    1.01
-126131.739     1.786     0.18    1.09
-125841.726     1.798     0.04    1.09
-125551.730     1.823     0.09    1.06
-125261.751     1.795    -0.10    1.00
-124971.789     1.939     0.50    0.96
-124681.843     1.992     0.18    0.97
-124391.914     1.886    -0.36    0.95
-124102.002     1.821    -0.22    0.94
-123812.107     1.872     0.18    0.92
-123522.228     1.864    -0.03    0.96
-123232.366     2.141     0.95    1.22
-122942.521     2.503     1.25    1.63
-122652.693     3.093     2.04    2.11
-122362.881     3.674     2.00    2.36
-122073.086     4.164     1.69    2.35
-121783.308     4.629     1.61    2.07
-121493.547     4.981     1.21    1.84
-121203.802     5.184     0.70    1.65
-120914.074     5.156    -0.10    1.48
-120624.363     4.854    -1.04    1.27
-120334.668     4.958     0.36    1.29
-120044.990     4.895    -0.22    1.34
-119755.329     5.224     1.14    1.39
-119465.684     5.286     0.22    1.42
-119176.057     5.253    -0.12    1.41
-118886.445     5.329     0.26    1.33
-118596.851     5.209    -0.41    1.37
-118307.273     5.209     0.00    1.45
-118017.712     5.429     0.76    1.32
-117728.168     5.296    -0.46    1.30
-117438.640     5.321     0.09    1.27
-117149.129     5.472     0.52    1.26
-116859.635     5.671     0.69    1.27
-116570.157     5.601    -0.24    1.36
-116280.696     5.448    -0.53    1.32
-115991.251     5.488     0.14    1.33
-115701.824     5.354    -0.46    1.25
-115412.412     5.472     0.41    1.20
-115123.018     5.306    -0.57    1.15
-114833.640     5.401     0.33    1.21
-114544.279     5.267    -0.46    1.22
-114254.934     5.303     0.12    1.16
-113965.606     5.474     0.59    1.13
-113676.295     5.529     0.19    1.13
-113387.000     5.395    -0.46    1.10
-113097.722     5.143    -0.87    1.15
-112808.461     4.818    -1.13    1.24
-112519.216     4.657    -0.56    1.35
-112229.988     4.476    -0.63    1.37
-111940.776     4.420    -0.19    1.29
-111651.581     4.248    -0.59    1.08
-111362.403     4.248     0.00    1.08
-111073.241     4.101    -0.51    1.14
-110784.096     3.992    -0.38    1.19
-110494.967     3.948    -0.15    1.22
-110205.855     3.858    -0.31    1.20
-109916.760     3.755    -0.35    1.23
-109627.681     3.801     0.16    1.29
-109338.619     4.001     0.69    1.42
-109049.573     4.220     0.76    1.53
-108760.544     4.412     0.66    1.56
-108471.531     4.718     1.06    1.63
-108182.535     5.115     1.37    1.71
-107893.556     5.657     1.88    1.90
-107604.593     6.186     1.83    1.99
-107315.647     6.815     2.18    1.94
-107026.717     7.243     1.48    1.77
-106737.804     7.977     2.54    1.99
-106448.907     8.755     2.69    2.18
-106160.027     9.689     3.23    2.59
-105871.163    10.895     4.17    3.63
-105582.316    12.529     5.66    4.73
-105293.486    14.874     8.12    5.79
-105004.672    16.886     6.97    5.62
-104715.874    19.164     7.89    5.34
-104427.093    22.086    10.12    5.47
-104138.329    24.401     8.02    5.37
-103849.581    26.939     8.79    5.69
-103560.849    29.311     8.22    5.82
-103272.134    31.128     6.30    5.48
-102983.436    32.011     3.06    4.98
-102694.754    32.601     2.04    4.84
-102406.089    32.087    -1.78    5.36
-102117.440    30.029    -7.13    5.60
-101828.807    27.499    -8.77    5.22
-101540.191    25.325    -7.53    4.43
-101251.592    23.468    -6.44    3.65
-100963.009    21.656    -6.28    3.33
-100674.442    20.643    -3.51    3.23
-100385.892    20.253    -1.35    3.82
-100097.359    20.361     0.37    4.73
 -99808.842    21.043     2.37    5.58
 -99520.341    22.233     4.12    5.98
 -99231.857    23.150     3.18    5.59
 -98943.389    23.777     2.17    5.16
 -98654.938    22.986    -2.74    5.22
 -98366.503    21.727    -4.37    5.63
 -98078.085    20.141    -5.50    6.01
 -97789.683    18.448    -5.87    5.20
 -97501.298    16.615    -6.36    3.81
 -97212.928    15.483    -3.93    2.76
 -96924.576    15.315    -0.58    2.48
 -96636.240    15.745     1.49    3.10
 -96347.920    16.586     2.92    3.85
 -96059.617    18.136     5.37    4.71
 -95771.330    19.823     5.85    5.44
 -95483.059    21.601     6.17    5.50
 -95194.805    23.643     7.09    5.70
 -94906.568    26.292     9.19    6.44
 -94618.346    29.485    11.08    6.42
 -94330.141    31.262     6.17    5.80
 -94041.953    32.543     4.45    4.77
 -93753.781    32.586     0.15    4.33
 -93465.625    32.043    -1.88    4.43
 -93177.486    30.671    -4.76    4.42
 -92889.363    29.023    -5.72    4.13
 -92601.257    27.427    -5.54    3.43
 -92313.167    27.321    -0.37    3.24
 -92025.093    27.915     2.06    4.18
 -91737.035    29.443     5.31    5.39
 -91448.995    31.164     5.97    5.92
 -91160.970    32.915     6.08    5.94
 -90872.962    34.683     6.14    5.75
 -90584.970    36.629     6.76    5.32
 -90296.994    38.365     6.03    5.05
 -90009.035    39.262     3.12    4.81
 -89721.092    39.858     2.07    4.40
 -89433.166    40.311     1.57    4.23
 -89145.256    39.758    -1.92    4.63
 -88857.362    38.281    -5.13    5.46
 -88569.484    36.305    -6.87    5.94
 -88281.623    34.258    -7.11    5.99
 -87993.778    32.243    -7.00    5.57
 -87705.950    30.512    -6.01    5.44
 -87418.138    28.644    -6.49    4.94
 -87130.342    26.687    -6.80    4.39
 -86842.562    24.703    -6.89    3.97
 -86554.799    22.784    -6.67    3.86
 -86267.052    21.572    -4.21    3.80
 -85979.322    20.743    -2.88    4.09
 -85691.608    19.770    -3.39    4.12
 -85403.910    18.615    -4.01    3.86
 -85116.228    17.659    -3.32    3.98
 -84828.563    16.801    -2.99    3.85
 -84540.913    16.079    -2.51    3.48
 -84253.281    15.772    -1.07    3.34
 -83965.664    16.009     0.82    3.49
 -83678.064    15.934    -0.26    3.78
 -83390.480    15.686    -0.86    3.78
 -83102.912    15.527    -0.55    3.93
 -82815.361    14.762    -2.66    4.07
 -82527.826    14.836     0.26    4.10
 -82240.307    15.369     1.85    4.51
 -81952.804    16.009     2.23    5.27
 -81665.318    16.460     1.57    5.51
 -81377.848    17.458     3.47    5.73
 -81090.394    17.812     1.23    5.28
 -80802.956    18.443     2.20    4.96
 -80515.535    18.306    -0.48    4.69
 -80228.130    16.658    -5.73    5.06
 -79940.741    15.195    -5.09    5.61
 -79653.369    12.953    -7.80    5.12
 -79366.012    10.967    -6.91    4.49
 -79078.672     9.429    -5.35    3.69
 -78791.348     8.486    -3.28    2.83
 -78504.040     8.643     0.55    3.26
 -78216.749     9.924     4.46    4.27
 -77929.474    11.792     6.50    5.46
 -77642.215    14.443     9.23    6.34
 -77354.972    17.516    10.70    6.62
 -77067.745    20.277     9.61    6.28
 -76780.535    22.023     6.08    5.32
 -76493.340    22.861     2.92    4.56
 -76206.162    22.901     0.14    4.23
 -75919.000    22.306    -2.07    4.78
 -75631.855    20.498    -6.30    4.83
 -75344.725    19.243    -4.37    5.14
 -75057.612    17.398    -6.43    5.18
 -74770.515    15.586    -6.31    4.84
 -74483.434    13.601    -6.92    4.82
 -74196.369    11.826    -6.18    4.49
 -73909.321    10.629    -4.17    3.92
 -73622.288     9.858    -2.69    3.48
 -73335.272     9.586    -0.95    3.95
 -73048.272     9.543    -0.15    4.21
 -72761.288     9.086    -1.59    4.35
 -72474.320     8.672    -1.44    4.38
 -72187.368     8.065    -2.11    3.86
 -71900.433     7.486    -2.02    3.59
 -71613.514     7.262    -0.78    3.46
 -71326.610     7.243    -0.07    3.51
 -71039.723     6.760    -1.69    3.49
 -70752.852     6.218    -1.89    3.14
 -70465.998     6.029    -0.66    3.05
 -70179.159     5.658    -1.29    2.84
 -69892.336     4.770    -3.10    2.76
 -69605.530     4.043    -2.53    2.92
 -69318.740     3.317    -2.53    2.73
 -69031.966     2.656    -2.30    2.33
 -68745.207     1.963    -2.42    1.73
 -68458.466     1.924    -0.14    1.74
 -68171.740     1.843    -0.28    1.71
 -67885.030     1.876     0.11    1.76
 -67598.336     2.065     0.66    1.89
 -67311.659     2.051    -0.05    1.96
 -67024.997     2.073     0.08    1.86
 -66738.352     2.015    -0.20    1.97
 -66451.723     2.184     0.59    1.91
 -66165.109     2.630     1.56    1.94
 -65878.512     2.924     1.03    1.94
 -65591.931     3.296     1.30    2.37
 -65305.366     4.453     4.04    3.22
 -65018.817     5.587     3.95    3.20
 -64732.284     6.243     2.29    3.09
 -64445.546     6.837     2.07    3.06
 -64155.512     7.136     1.03    3.07
 -63865.495     6.934    -0.70    3.05
 -63575.494     6.880    -0.19    2.87
 -63285.510     6.530    -1.21    3.16
 -62995.542     6.483    -0.16    3.29
 -62705.591     6.417    -0.23    3.39
 -62415.656     6.456     0.13    3.50
 -62125.738     6.422    -0.11    3.51
 -61835.836     6.739     1.09    3.43
 -61545.951     6.514    -0.78    3.07
 -61256.082     7.174     2.28    3.24
 -60966.230     7.701     1.82    3.13
 -60676.394     8.136     1.50    2.94
 -60386.575     9.150     3.50    3.59
 -60096.773    10.178     3.55    3.98
 -59806.986    11.615     4.96    4.67
 -59517.217    13.615     6.90    5.47
 -59227.463    15.262     5.69    6.01
 -58937.727    17.689     8.38    5.96
 -58648.006    19.645     6.75    5.63
 -58358.303    21.429     6.16    5.18
 -58068.615    22.248     2.83    4.53
 -57778.944    22.784     1.85    4.40
 -57489.290    22.812     0.10    4.44
 -57199.652    22.369    -1.53    4.67
 -56910.030    22.291    -0.27    5.08
 -56620.425    22.409     0.41    4.98
 -56330.837    21.919    -1.69    4.98
 -56041.265    22.037     0.41    5.18
 -55751.709    22.148     0.38    5.21
 -55462.170    22.178     0.10    4.89
 -55172.647    21.829    -1.21    4.78
 -54883.141    21.262    -1.96    4.31
 -54593.651    21.305     0.15    4.08
 -54304.177    21.806     1.73    3.95
 -54014.720    22.558     2.60    3.97
 -53725.279    23.065     1.75    3.97
 -53435.855    23.979     3.16    4.08
 -53146.447    25.009     3.56    4.50
 -52857.056    25.789     2.70    4.54
 -52567.681    26.895     3.82    4.28
 -52278.322    27.543     2.24    4.07
 -51988.980    28.021     1.65    3.80
 -51699.654    28.713     2.39    3.59
 -51410.344    29.755     3.60    4.17
 -51121.051    30.462     2.44    4.65
 -50831.775    31.136     2.33    5.05
 -50542.514    31.383     0.86    5.48
 -50253.270    30.424    -3.32    6.49
 -49964.043    28.468    -6.76    6.73
 -49674.832    25.948    -8.71    5.96
 -49385.637    23.716    -7.72    4.74
 -49096.458    22.615    -3.81    3.87
 -48807.296    23.115     1.73    4.42
 -48518.151    24.403     4.46    5.30
 -48229.021    25.886     5.13    5.50
 -47939.908    27.189     4.51    4.98
 -47650.811    29.035     6.39    4.13
 -47361.731    29.358     1.12    3.69
 -47072.667    29.122    -0.81    3.88
 -46783.620    27.658    -5.07    4.09
 -46494.588    25.953    -5.90    4.03
 -46205.573    24.615    -4.63    3.88
 -45916.575    24.229    -1.34    3.52
 -45627.592    24.086    -0.50    3.23
 -45338.626    23.821    -0.92    3.59
 -45049.677    24.224     1.39    4.99
 -44760.743    25.319     3.79    5.67
 -44471.826    26.101     2.71    5.87
 -44182.926    26.093    -0.02    5.91
 -43894.041    25.158    -3.24    5.92
 -43605.173    24.292    -3.00    6.03
 -43316.321    22.380    -6.62    5.72
 -43027.486    21.159    -4.23    4.67
 -42738.667    20.186    -3.37    4.00
 -42449.864    19.786    -1.39    3.60
 -42161.077    20.164     1.31    4.22
 -41872.307    20.901     2.55    4.30
 -41583.553    21.243     1.19    3.88
 -41294.815    21.630     1.34    3.66
 -41006.093    21.806     0.61    3.21
 -40717.388    22.306     1.73    3.47
 -40428.699    23.460     4.00    4.41
 -40140.026    24.672     4.20    4.92
 -39851.370    25.795     3.89    5.12
 -39562.730    27.037     4.30    4.90
 -39274.106    28.296     4.36    4.45
 -38985.498    29.336     3.60    4.39
 -38696.907    30.474     3.94    4.59
 -38408.331    30.880     1.41    4.39
 -38119.772    31.986     3.83    4.63
 -37831.230    33.151     4.04    4.88
 -37542.703    35.107     6.78    5.44
 -37254.193    37.136     7.03    5.40
 -36965.699    39.470     8.09    5.35
 -36677.221    41.468     6.93    4.70
 -36388.759    42.472     3.48    3.84
 -36100.314    42.689     0.75    3.43
 -35811.885    42.086    -2.09    3.39
 -35523.472    41.629    -1.59    3.22
 -35235.075    41.231    -1.38    3.31
 -34946.695    41.234     0.01    3.02
 -34658.330    41.064    -0.59    2.83
 -34369.982    41.365     1.04    3.08
 -34081.650    41.672     1.06    3.15
 -33793.335    41.262    -1.42    3.74
 -33505.035    40.086    -4.08    4.73
 -33216.752    39.009    -3.74    5.28
 -32928.484    37.698    -4.55    5.65
 -32640.233    36.741    -3.32    5.33
 -32351.999    35.629    -3.86    5.07
 -32063.780    33.542    -7.24    5.14
 -31775.577    31.851    -5.87    5.64
 -31487.391    30.218    -5.66    5.94
 -31199.221    29.516    -2.44    5.56
 -30911.067    28.812    -2.44    5.91
 -30622.929    28.798    -0.05    6.10
 -30334.807    29.301     1.75    6.52
 -30046.702    30.401     3.82    6.74
 -29758.612    32.042     5.70    5.96
 -29470.539    33.130     3.78    4.78
 -29182.482    33.262     0.46    4.53
 -28894.441    33.086    -0.61    4.67
 -28606.416    31.488    -5.55    5.11
 -28318.408    29.939    -5.38    5.33
 -28030.415    28.460    -5.14    5.83
 -27742.439    27.058    -4.87    5.71
 -27454.478    25.924    -3.94    5.92
 -27166.534    24.659    -4.39    6.25
 -26878.606    23.468    -4.14    6.39
 -26590.694    21.586    -6.54    6.75
 -26302.798    19.172    -8.38    6.62
 -26014.918    17.143    -7.05    5.70
 -25727.054    16.158    -3.42    5.11
 -25439.207    15.743    -1.44    4.63
 -25151.375    16.159     1.45    5.11
 -24863.560    17.836     5.82    5.46
 -24575.761    19.514     5.83    5.37
 -24287.977    21.515     6.95    5.12
 -24000.210    23.243     6.01    4.79
 -23712.459    24.929     5.86    4.74
 -23424.724    27.064     7.42    5.78
 -23137.005    29.515     8.52    6.06
 -22849.302    31.644     7.40    5.75
 -22561.616    33.277     5.68    5.09
 -22273.945    33.515     0.83    4.98
 -21986.290    32.798    -2.49    5.36
 -21698.652    31.443    -4.71    5.75
 -21411.029    29.361    -7.24    5.96
 -21123.423    27.403    -6.81    5.81
 -20835.832    25.501    -6.62    5.59
 -20548.258    23.809    -5.88    5.07
 -20260.699    22.203    -5.59    5.02
 -19973.157    20.986    -4.23    5.10
 -19685.631    19.530    -5.06    5.33
 -19398.120    18.043    -5.17    5.42
 -19110.626    16.758    -4.47    4.77
 -18823.148    15.864    -3.11    4.42
 -18535.686    14.601    -4.40    4.23
 -18248.239    14.115    -1.69    4.31
 -17960.809    13.483    -2.20    4.35
 -17673.395    13.018    -1.62    4.15
 -17385.997    12.253    -2.66    4.44
 -17098.615    11.143    -3.86    4.39
 -16811.249    10.058    -3.78    4.08
 -16523.898     9.854    -0.71    3.76
 -16236.564     9.786    -0.24    3.92
 -15949.246     9.821     0.12    4.04
 -15661.944    10.586     2.66    4.37
 -15374.658    12.392     6.29    5.15
 -15087.387    14.968     8.97    5.30
 -14800.133    17.558     9.01    5.85
 -14512.895    20.699    10.94    6.40
 -14225.673    23.826    10.89    6.77
 -13938.466    26.206     8.29    6.08
 -13651.276    28.151     6.77    4.64
 -13364.102    28.615     1.62    4.17
 -13076.943    28.174    -1.54    4.47
 -12789.801    26.968    -4.20    4.94
 -12502.674    24.832    -7.44    5.55
 -12215.564    22.291    -8.85    5.40
 -11928.469    20.543    -6.09    5.00
 -11641.390    19.486    -3.68    5.17
 -11354.327    18.557    -3.24    5.14
 -11067.281    17.527    -3.59    4.85
 -10780.250    16.306    -4.25    4.65
 -10493.235    15.690    -2.15    4.72
 -10206.236    14.972    -2.50    4.60
  -9919.253    14.986     0.05    4.57
  -9632.286    15.372     1.34    4.42
  -9345.334    15.474     0.35    4.06
  -9058.399    14.741    -2.55    3.43
  -8771.479    13.939    -2.80    3.00
  -8484.576    12.733    -4.20    3.45
  -8197.688    11.129    -5.59    4.28
  -7910.817     9.777    -4.71    4.32
  -7623.961     7.586    -7.64    4.45
  -7337.121     6.267    -4.60    4.37
  -7050.297     4.916    -4.71    3.92
  -6763.489     3.558    -4.73    3.38
  -6476.696     2.672    -3.09    2.69
  -6189.920     1.895    -2.71    1.85
  -5903.160     1.601    -1.03    1.64
  -5616.415     1.571    -0.10    1.55
  -5329.686     1.815     0.85    2.08
  -5042.973     1.743    -0.25    2.21
  -4756.276     2.073     1.15    2.42
  -4469.595     2.431     1.25    2.76
  -4182.930     2.715     0.99    2.88
  -3896.281     2.615    -0.35    2.97
  -3609.647     2.286    -1.15    2.83
  -3323.029     1.939    -1.21    2.77
  -3036.427     1.977     0.13    2.79
  -2749.841     2.178     0.70    2.79
  -2463.271     2.285     0.38    2.49
  -2174.628     2.151    -0.46    2.54
  -1884.623     2.501     1.20    2.77
  -1594.634     2.674     0.60    2.84
  -1304.662     2.772     0.34    3.00
  -1014.706     2.924     0.52    3.19
   -724.767     2.586    -1.17    3.24
   -434.844     2.431    -0.53    3.36
   -144.937     2.309    -0.42    3.72
    144.954     2.431     0.42    3.99
    434.829     3.209     2.68    4.51
    724.687     3.806     2.06    4.62
   1014.529     4.499     2.39    4.37
   1304.354     5.130     2.18    4.15
   1594.164     5.586     1.57    4.37
   1883.957     5.544    -0.15    4.12
   2173.734     5.327    -0.75    4.31
   2463.494     4.529    -2.75    3.85
   2753.239     3.586    -3.26    3.45
   3042.967     3.086    -1.73    2.53
   3332.679     2.924    -0.56    2.65
   3622.374     3.572     2.24    3.93
   3912.054     4.772     4.14    5.54
   4201.717     6.296     5.26    6.41
   4491.364     8.277     6.84    7.30
   4780.995    10.329     7.09    7.56
   5070.609    12.645     8.00    7.50
   5360.208    14.336     5.84    7.09
   5649.790    14.317    -0.07    7.30
   5939.356    13.743    -1.98    7.16
   6228.906    13.375    -1.27    7.04
   6518.439    12.890    -1.67    6.37
   6807.956    13.347     1.58    6.37
   7097.458    14.115     2.65    6.38
   7386.942    15.880     6.10    6.88
   7676.411    17.586     5.89    6.73
   7965.864    19.745     7.46    6.23
   8255.300    21.291     5.34    5.18
   8544.720    22.142     2.94    4.54
   8834.124    23.343     4.15    4.01
   9123.512    24.277     3.22    4.18
   9412.884    25.365     3.76    3.69
   9702.239    25.630     0.91    3.47
   9991.579    25.689     0.20    3.74
  10280.902    25.272    -1.44    4.29
  10570.209    25.441     0.58    4.90
  10859.500    25.406    -0.12    5.01
  11148.774    25.372    -0.12    4.73
  11438.033    25.571     0.69    4.66
  11727.275    26.115     1.88    3.92
  12016.502    25.572    -1.88    4.22
  12305.712    24.586    -3.41    5.12
  12594.906    22.375    -7.64    5.98
  12884.084    22.021    -1.23    6.39
  13173.246    21.902    -0.41    7.43
  13462.391    21.772    -0.45    7.93
  13751.521    21.365    -1.41    8.62
  14040.634    21.601     0.81    8.85
  14329.731    20.143    -5.04    9.01
  14618.812    18.441    -5.89    8.65
  14907.878    17.234    -4.17    6.98
  15196.927    16.615    -2.14    6.13
  15485.959    16.929     1.09    6.45
  15774.976    17.847     3.18    7.12
  16063.977    18.703     2.96    7.69
  16352.961    19.851     3.97    7.75
  16641.930    20.238     1.34    8.49
  16930.882    20.383     0.50    9.02
  17219.819    19.934    -1.55    9.52
  17508.739    18.340    -5.52    9.26
  17797.643    17.427    -3.16    8.63
  18086.531    16.644    -2.71    8.41
  18375.403    15.071    -5.44    7.42
  18664.259    14.615    -1.58    6.98
  18953.099    13.129    -5.15    5.84
  19241.923    12.058    -3.71    5.22
  19530.731    11.108    -3.29    5.01
  19819.522    10.093    -3.51    4.70
  20108.298     9.277    -2.83    4.61
  20397.058     8.615    -2.29    4.50
  20685.801     8.086    -1.83    4.59
  20974.529     8.792     2.44    4.61
  21263.240     9.702     3.15    5.19
  21551.936    11.939     7.75    7.15
  21840.615    14.572     9.12    8.79
  22129.279    16.958     8.26    9.45
  22417.926    20.890    13.62   11.17
  22706.557    23.839    10.22   11.74
  22995.173    23.718    -0.42   11.13
  23283.772    26.262     8.82   11.51
  23572.355    27.122     2.98   11.56
  23860.923    28.815     5.87   11.31
  24149.474    30.015     4.16   11.27
  24438.009    29.958    -0.20   10.90
  24726.529    29.258    -2.43   10.08
  25015.032    28.063    -4.14    9.94
  25303.519    25.159   -10.07    9.33
  25591.991    23.968    -4.13    8.13
  25880.446    23.474    -1.71    8.24
  26168.885    23.729     0.89    8.46
  26457.309    24.615     3.07    9.43
  26745.716    26.258     5.70    9.95
  27034.108    28.286     7.03    9.78
  27322.483    29.765     5.13    9.29
  27610.843    29.086    -2.35    9.39
  27899.186    30.615     5.30    9.08
  28187.514    31.108     1.71    8.64
  28475.826    31.671     1.95    7.71
  28764.121    32.143     1.64    6.99
  29052.401    32.672     1.83    5.86
  29340.665    31.792    -3.05    6.12
  29628.913    29.737    -7.13    6.85
  29917.145    26.086   -12.67    7.64
  30205.360    21.674   -15.31    8.58
  30493.561    17.305   -15.16    8.71
  30781.745    14.910    -8.31    7.45
  31069.913    13.774    -3.94    6.88
  31358.065    13.417    -1.24    7.34
  31646.201    14.233     2.83    8.12
  31934.322    16.138     6.61    8.66
  32222.426    18.336     7.63    8.76
  32510.515    21.253    10.12    8.91
  32798.588    23.896     9.18    8.03
  33086.644    25.629     6.01    7.48
  33374.685    26.832     4.18    7.05
  33662.710    27.840     3.50    6.48
  33950.719    29.703     6.47    6.13
  34238.712    30.953     4.34    5.92
  34526.690    31.556     2.09    5.39
  34814.651    32.615     3.68    4.95
  35102.597    32.671     0.19    4.29
  35390.526    33.295     2.17    4.43
  35678.440    34.043     2.60    4.63
  35966.338    33.741    -1.05    5.12
  36254.220    34.086     1.20    5.58
  36542.086    35.748     5.77    6.41
  36829.937    36.821     3.73    6.63
  37117.771    38.498     5.82    5.73
  37405.590    38.886     1.35    5.38
  37693.392    39.184     1.03    5.11
  37981.179    38.745    -1.52    5.46
  38268.950    38.671    -0.26    5.69
  38556.705    37.806    -3.00    5.71
  38844.445    36.777    -3.58    5.73
  39132.168    36.071    -2.45    5.95
  39419.876    34.674    -4.86    5.98
  39707.568    33.429    -4.33    6.17
  39995.244    31.587    -6.40    6.18
  40282.904    30.064    -5.29    5.22
  40570.548    29.924    -0.49    5.43
  40858.177    29.792    -0.46    5.63
  41145.790    30.409     2.15    5.68
  41433.386    30.409     0.00    5.57
  41720.968    31.321     3.17    5.66
  42008.533    32.443     3.90    5.69
  42296.082    33.656     4.22    5.20
  42583.616    34.601     3.28    4.39
  42871.134    35.136     1.86    4.56
  43158.636    36.909     6.17    4.99
  43446.122    38.003     3.81    5.73
  43733.593    38.748     2.59    6.23
  44021.048    40.130     4.81    6.02
  44308.487    41.243     3.87    5.66
  44595.910    41.698     1.58    5.27
  44883.317    41.731     0.12    5.86
  45170.709    39.629    -7.31    7.17
  45458.085    36.439   -11.10    8.05
  45745.445    34.195    -7.81    8.31
  46032.789    31.498    -9.39    8.34
  46320.118    28.854    -9.20    7.84
  46607.430    26.343    -8.74    7.36
  46894.727    23.984    -8.21    6.09
  47182.009    22.006    -6.88    5.60
  47469.274    20.741    -4.40    5.77
  47756.524    18.383    -8.21    5.26
  48043.758    16.858    -5.31    4.83
  48330.977    15.601    -4.38    4.08
  48618.179    14.481    -3.90    3.26
  48905.366    13.758    -2.52    3.35
  49192.537    13.753    -0.02    3.78
  49479.693    13.861     0.38    4.05
  49766.832    14.896     3.60    4.35
  50053.956    15.441     1.90    4.46
  50341.065    15.058    -1.34    4.59
  50628.157    15.071     0.05    4.67
  50915.234    14.974    -0.34    5.04
  51202.295    15.224     0.87    5.49
  51489.340    15.934     2.47    6.27
  51776.370    17.258     4.61    7.23
  52063.384    18.798     5.37    7.49
  52350.383    21.050     7.85    6.82
  52637.365    22.601     5.40    5.55
  52924.332    22.851     0.87    4.73
  53211.283    23.526     2.35    4.09
  53498.219    24.203     2.36    4.43
  53785.139    24.968     2.67    5.15
  54072.043    27.006     7.10    6.90
  54358.932    29.286     7.95    8.05
  54645.805    31.347     7.18    7.88
  54932.662    34.122     9.67    6.29
  55219.504    36.321     7.67    5.74
  55506.329    38.362     7.11    5.54
  55793.140    40.629     7.91    5.73
  56079.934    41.703     3.74    6.00
  56366.713    44.143     8.51    6.01
  56653.477    46.333     7.63    5.62
  56940.224    48.358     7.06    4.99
  57226.956    49.687     4.64    4.24
  57513.673    50.248     1.95    4.42
  57800.373    50.979     2.55    5.20
  58087.059    51.203     0.78    6.16
  58373.728    50.905    -1.04    6.74
  58660.382    49.315    -5.55    7.45
  58947.020    48.798    -1.80    7.27
  59233.643    50.186     4.84    7.05
  59520.250    51.716     5.34    6.87
  59807.332    51.674    -0.15    7.10
  60097.334    52.003     1.14    7.37
  60387.319    51.483    -1.80    8.36
  60677.288    51.358    -0.43    9.26
  60967.241    49.872    -5.12   10.29
  61257.179    47.206    -9.19   10.42
  61547.100    43.886   -11.45    9.43
  61837.005    40.929   -10.20    7.84
  62126.894    39.277    -5.70    6.78
  62416.767    38.168    -3.83    5.38
  62706.624    37.229    -3.24    4.21
  62996.465    36.872    -1.23    3.92
  63286.290    36.869    -0.01    3.78
  63576.098    36.905     0.12    3.58
  63865.891    37.412     1.75    3.83
  64155.668    37.707     1.02    3.65
  64445.429    37.998     1.00    3.23
  64735.174    38.159     0.56    3.11
  65024.903    38.361     0.70    3.06
  65314.616    38.910     1.90    3.45
  65604.312    39.972     3.66    4.11
  65893.993    42.021     7.07    5.67
  66183.658    43.571     5.35    6.65
  66473.307    45.343     6.12    6.81
  66762.940    46.262     3.17    6.60
  67052.557    48.458     7.58    6.71
  67342.158    50.001     5.33    7.01
  67631.743    51.262     4.36    7.39
  67921.312    52.015     2.60    7.08
  68210.865    53.115     3.80    6.45
  68500.402    53.705     2.04    5.52
  68789.923    54.762     3.65    5.59
  69079.428    56.847     7.20    7.28
  69368.917    59.843    10.35    8.63
  69658.390    63.234    11.71    9.58
  69947.848    64.758     5.26    8.93
  70237.289    66.056     4.49    8.26
  70526.714    66.233     0.61    7.42
  70816.124    65.851    -1.32    7.49
  71105.517    64.018    -6.33    7.49
  71394.895    62.001    -6.97    7.11
  71684.257    59.731    -7.84    5.07
  71973.602    58.262    -5.07    4.80
  72262.932    57.220    -3.60    5.16
  72552.246    56.332    -3.07    5.45
  72841.544    56.086    -0.85    5.43
  73130.826    55.839    -0.85    5.18
  73420.092    55.905     0.23    5.58
  73709.342    56.072     0.58    5.54
  73998.577    57.029     3.31    5.88
  74287.795    58.958     6.67    7.35
  74576.998    60.615     5.73    8.32
  74866.184    61.287     2.32    8.77
  75155.355    61.806     1.80    8.02
  75444.510    62.792     3.41    7.09
  75733.649    62.015    -2.69    7.38
  76022.772    60.172    -6.37    7.84
  76311.879    57.166   -10.40    8.09
  76600.971    54.130   -10.50    6.88
  76890.046    53.395    -2.54    6.73
  77179.106    52.556    -2.90    6.85
  77468.149    52.321    -0.81    7.05
  77757.177    52.890     1.97    7.42
  78046.189    53.601     2.46    7.33
  78335.185    54.158     1.93    6.25
  78624.166    53.743    -1.43    5.71
  78913.130    52.615    -3.90    6.20
  79202.079    51.242    -4.75    6.75
  79491.012    50.012    -4.26    6.94
  79779.929    47.439    -8.91    6.96
  80068.830    44.745    -9.32    6.30
  80357.715    43.170    -5.45    5.20
  80646.584    42.286    -3.06    4.46
  80935.438    42.826     1.87    5.61
  81224.276    44.716     6.55    7.44
  81513.098    46.901     7.56    8.74
  81801.904    50.306    11.79    9.13
  82090.694    53.317    10.42    8.00
  82379.469    54.021     2.44    7.62
  82668.227    55.684     5.76    7.68
  82956.970    56.558     3.03    7.48
  83245.697    55.601    -3.31    7.25
  83534.408    52.630   -10.29    7.58
  83823.104    51.429    -4.16    7.93
  84111.784    50.130    -4.50    7.97
  84400.448    48.943    -4.11    7.57
  84689.096    47.758    -4.11    6.79
  84977.728    47.503    -0.88    6.66
  85266.345    47.372    -0.46    6.48
  85554.945    46.915    -1.58    6.42
  85843.530    45.630    -4.45    6.02
  86132.100    44.630    -3.47    5.62
  86420.653    44.086    -1.89    5.47
  86709.191    44.658     1.98    6.36
  86997.713    45.180     1.81    6.86
  87286.219    46.170     3.43    7.19
  87574.709    48.151     6.87    7.17
  87863.184    48.762     2.12    6.67
  88151.643    47.645    -3.87    6.90
  88440.086    45.630    -6.98    5.47
  88728.514    44.689    -3.26    5.10
  89016.925    44.818     0.45    5.01
  89305.321    44.729    -0.31    5.15
  89593.701    45.234     1.75    5.46
  89882.066    47.129     6.57    6.22
  90170.415    49.733     9.03    6.24
  90458.748    51.707     6.84    6.49
  90747.065    54.362     9.21    7.16
  91035.367    57.286    10.14    8.63
  91323.653    61.986    16.30    9.71
  91611.923    65.051    10.63    9.33
  91900.177    67.372     8.05    8.22
  92188.416    69.716     8.13    8.22
  92476.639    73.262    12.30    7.74
  92764.847    74.615     4.69    7.23
  93053.038    74.854     0.83    7.52
  93341.214    76.021     4.05    7.24
  93629.375    75.774    -0.85    7.55
  93917.519    76.003     0.79    8.01
  94205.648    75.446    -1.94    7.72
  94493.761    73.876    -5.45    7.69
  94781.859    73.953     0.27    7.41
  95069.941    74.453     1.74    7.29
  95358.007    73.998    -1.58    7.44
  95646.058    75.358     4.72    7.18
  95934.092    75.343    -0.05    7.15
  96222.112    76.948     5.57    7.59
  96510.115    79.343     8.32    9.64
  96798.103    82.890    12.32   12.65
  97086.076    87.218    15.03   14.84
  97374.032    91.058    13.33   15.10
  97661.973    94.056    10.41   14.65
  97949.898    97.215    10.97   13.37
  98237.808   100.383    11.00   11.22
  98525.702   101.156     2.68   11.20
  98813.581   104.021     9.95   11.09
  99101.443   105.824     6.26   10.65
  99389.291   107.145     4.59    9.67
  99677.122   107.033    -0.39    9.82
  99964.938   105.983    -3.65   10.87
 100252.738   101.446   -15.76   12.81
 100540.523    97.151   -14.92   12.76
 100828.292    92.727   -15.37   11.68
 101116.046    87.731   -17.36   10.81
 101403.784    83.042   -16.30    8.55
 101691.506    80.556    -8.64    8.22
 101979.213    78.904    -5.74    8.25
 102266.904    79.166     0.91    9.12
 102554.579    81.731     8.92   10.74
 102842.239    84.220     8.65   11.71
 103129.883    86.786     8.92   11.57
 103417.512    88.745     6.81   10.33
 103705.125    89.218     1.64    8.77
 103992.723    87.974    -4.33    9.00
 104280.305    85.257    -9.44    9.68
 104567.871    80.499   -16.54    9.06
 104855.422    76.745   -13.05    6.96
 105142.957    74.460    -7.95    6.25
 105430.477    72.282    -7.57    6.43
 105717.981    70.429    -6.44    7.11
 106005.470    68.689    -6.05    7.67
 106292.943    67.071    -5.63    8.32
 106580.401    65.718    -4.71    8.23
 106867.842    63.959    -6.12    8.96
 107155.269    61.972    -6.91    9.44
 107442.680    60.753    -4.24    9.38
 107730.075    58.943    -6.30    9.38
 108017.455    57.186    -6.11    9.16
 108304.819    55.453    -6.03    8.66
 108592.168    54.272    -4.11    8.07
 108879.501    52.968    -4.54    7.24
 109166.819    52.035    -3.25    6.40
 109454.121    51.572    -1.61    6.29
 109741.408    51.101    -1.64    6.47
 110028.679    50.992    -0.38    7.16
 110315.935    51.086     0.33    6.92
 110603.175    50.481    -2.11    6.77
 110890.400    50.198    -0.99    6.78
 111177.609    50.056    -0.49    6.57
 111464.802    49.365    -2.41    6.33
 111751.981    48.079    -4.48    6.02
 112039.143    47.403    -2.35    5.84
 112326.290    46.673    -2.54    5.58
 112613.422    45.043    -5.67    5.57
 112900.538    42.869    -7.57    5.28
 113187.639    41.601    -4.42    5.07
 113474.724    40.365    -4.30    4.94
 113761.794    39.218    -4.00    4.01
 114048.849    39.065    -0.53    3.43
 114335.887    39.386     1.12    3.35
 114622.911    40.311     3.22    3.76
 114909.919    41.851     5.36    4.70
 115196.911    44.138     7.97    5.73
 115483.888    46.989     9.93    7.24
 115770.850    50.336    11.66    8.13
 116057.796    53.865    12.30    8.07
 116344.727    56.277     8.40    7.81
 116631.642    57.876     5.57    8.31
 116918.542    59.180     4.55    8.73
 117205.426    60.056     3.05    9.11
 117492.295    59.409    -2.26    8.45
 117779.149    60.027     2.15    7.98
 118065.987    60.233     0.72    6.67
 118352.809    62.233     6.97    7.40
 118639.617    63.806     5.49    7.46
 118926.408    65.122     4.59    7.34
 119213.185    65.258     0.47    7.11
 119499.946    65.021    -0.83    7.28
 119786.691    64.527    -1.72    7.64
 120073.422    63.703    -2.87    7.67
 120360.136    62.646    -3.69    7.15
 120646.836    64.542     6.61    7.41
 120933.520    66.398     6.47    7.52
 121220.188    68.658     7.89    7.53
 121506.842    70.192     5.35    7.23
 121793.479    71.234     3.64    7.91
 122082.433    72.586     4.68    7.70
 122372.409    73.998     4.87    7.69
 122662.369    73.979    -0.06    7.44
 122952.314    73.130    -2.93    6.78
 123242.243    72.443    -2.37    5.66
 123532.156    72.174    -0.93    4.95
 123822.053    71.215    -3.31    5.16
 124111.935    69.901    -4.53    5.16
 124401.800    67.934    -6.78    4.67
 124691.650    65.909    -6.98    4.96
 124981.484    63.705    -7.60    6.04
 125271.303    61.006    -9.31    6.68
 125561.105    57.832   -10.95    6.44
 125850.892    55.629    -7.60    5.96
 126140.663    53.439    -7.56    4.81
 126430.418    52.257    -4.08    3.04
 126720.157    51.439    -2.82    2.59
 127009.881    51.063    -1.30    2.27
 127299.589    51.645     2.01    2.74
 127589.281    52.643     3.45    3.29
 127878.958    53.658     3.51    3.54
 128168.618    54.643     3.40    3.90
 128458.263    56.033     4.80    4.13
 128747.892    56.803     2.66    3.95
 129037.506    58.042     4.28    4.27
 129327.103    59.427     4.78    5.26
 129616.685    59.243    -0.63    5.36
 129906.252    58.976    -0.92    5.15
 130195.802    59.050     0.26    4.85
 130485.337    59.145     0.33    4.30
 130774.856    58.854    -1.00    3.41
 131064.359    58.839    -0.05    3.17
 131353.847    59.586     2.58    3.59
 131643.319    61.354     6.11    4.15
 131932.775    63.086     5.98    4.27
 132222.215    65.072     6.86    4.70
 132511.640    67.296     7.68    5.03
 132801.049    69.630     8.06    4.81
 133090.442    71.358     5.97    4.37
 133379.820    72.979     5.60    4.32
 133669.182    75.079     7.25    4.47
 133958.528    77.093     6.96    4.89
 134247.859    78.781     5.83    5.51
 134537.174    80.333     5.36    5.74
 134826.473    82.203     6.47    5.99
 135115.757    84.277     7.17    6.39
 135405.025    85.703     4.93    5.92
 135694.277    86.571     3.00    5.45
 135983.514    87.023     1.56    4.58
 136272.735    87.586     1.95    4.16
 136561.940    86.545    -3.60    3.89
 136851.129    84.948    -5.52    4.32
 137140.303    82.989    -6.78    3.93
 137429.462    82.101    -3.07    3.53
 137718.604    81.795    -1.06    3.81
 138007.731    82.890     3.79    4.96
 138296.843    84.803     6.62    6.16
 138585.938    85.354     1.90    5.90
 138875.018    85.674     1.11    5.52
 139164.083    85.227    -1.55    6.29
 139453.132    83.615    -5.58    7.10
 139742.165    81.287    -8.05    7.31
 140031.183    78.498    -9.65    5.58
 140320.184    76.832    -5.76    4.53
 140609.171    75.899    -3.23    3.28
 140898.142    75.615    -0.98    3.08
 141187.097    76.072     1.58    3.29
 141476.036    76.959     3.07    3.98
 141764.960    77.542     2.02    4.30
 142053.868    78.615     3.72    4.55
 142342.761    79.286     2.32    4.88
 142631.638    80.272     3.41    4.86
 142920.500    81.282     3.50    4.66
 143209.346    82.630     4.67    4.15
 143498.176    83.421     2.74    3.88
 143786.991    83.631     0.72    3.40
 144075.790    84.071     1.52    3.06
 144364.574    84.481     1.42    3.16
 144653.342    85.137     2.27    3.44
 144942.094    86.386     4.33    3.86
 145230.831    87.829     5.00    3.88
 145519.553    89.644     6.29    4.41
 145808.258    90.735     3.78    4.57
 146096.949    92.233     5.19    4.59
 146385.623    94.222     6.89    4.95
 146674.283    97.130    10.07    5.33
 146962.926    99.781     9.18    5.86
 147251.554   101.006     4.24    5.42
 147540.167   101.901     3.10    4.76
 147828.764   102.404     1.74    4.65
 148117.345   102.362    -0.14    4.59
 148405.911   102.012    -1.21    5.08
 148694.461   100.792    -4.23    5.71
 148982.996    99.770    -3.54    5.58
 149271.516    99.741    -0.10    5.55
 149560.019   100.253     1.77    4.97
 149848.508   100.093    -0.55    4.41
 150136.980    99.601    -1.71    3.85
 150425.438    99.540    -0.21    3.62
 150713.879   101.159     5.61    4.75
 151002.306   103.365     7.65    6.19
 151290.716   105.543     7.55    7.05
 151579.112   107.129     5.50    6.73
 151867.492   108.458     4.61    5.38
 152155.856   108.629     0.59    5.42
 152444.205   108.153    -1.65    5.48
 152732.538   106.792    -4.72    5.43
 153020.856   105.131    -5.76    5.22
 153309.158   103.093    -7.07    4.94
 153597.445   101.967    -3.91    5.20
 153885.716   100.601    -4.74    5.05
 154173.972    99.386    -4.21    5.03
 154462.213    97.748    -5.68    4.68
 154750.438    96.735    -3.51    4.41
 155038.647    95.821    -3.17    4.36
 155326.841    95.035    -2.73    3.64
 155615.020    94.206    -2.88    3.79
 155903.183    93.726    -1.67    3.82
 156191.331    93.151    -1.99    3.91
 156479.463    92.557    -2.06    3.91
 156767.580    92.373    -0.64    4.27
 157055.681    91.661    -2.47    4.42
 157343.767    90.351    -4.55    4.67
 157631.838    88.953    -4.85    5.17
 157919.893    87.529    -4.94    4.99
 158207.932    86.558    -3.37    4.70
 158495.957    85.789    -2.67    3.77
 158783.965    85.886     0.34    4.09
 159071.959    86.797     3.16    4.54
 159359.937    87.159     1.26    4.71
 159647.899    88.510     4.69    4.97
 159935.847    89.818     4.54    5.01
 160223.778    91.319     5.21    5.18
 160511.695    92.731     4.90    5.34
 160799.596    92.572    -0.55    5.45
 161087.481    92.453    -0.41    5.23
 161375.351    91.909    -1.89    4.88
 161663.206    91.277    -2.20    4.57
 161951.046    90.412    -3.00    3.95
 162238.870    89.657    -2.62    3.65
 162526.678    88.939    -2.50    3.69
 162814.471    88.151    -2.74    4.07
 163102.249    86.792    -4.72    4.71
 163390.012    85.063    -6.01    4.87
 163677.759    83.979    -3.77    4.77
 163965.491    82.689    -4.48    4.19
 164253.207    82.003    -2.38    3.75
 164540.908    82.158     0.54    3.87
 164828.594    82.443     0.99    4.66
 165116.264    82.803     1.25    4.60
 165403.919    82.919     0.40    5.28
 165691.559    82.168    -2.61    5.42
 165979.183    82.218     0.18    5.64
 166266.792    80.959    -4.38    5.56
 166554.386    80.380    -2.01    5.68
 166841.964    79.389    -3.44    5.65
 167129.527    78.166    -4.25    5.84
 167417.074    77.023    -3.97    6.02
 167704.607    75.733    -4.49    6.45
 167992.124    74.959    -2.69    6.63
 168279.625    73.292    -5.80    5.95
 168567.112    72.138    -4.01    5.23
 168854.583    71.372    -2.66    4.51
 169142.038    71.530     0.55    5.08
 169429.479    71.905     1.30    5.76
 169716.904    72.248     1.19    6.20
 170004.314    72.890     2.24    6.56
 170291.708    73.328     1.52    6.27
 170579.087    74.468     3.97    6.15
 170866.451    74.033    -1.51    5.29
 171153.800    73.543    -1.71    4.64
 171441.133    73.485    -0.20    4.76
 171728.451    74.064     2.02    4.74
 172015.754    74.792     2.53    5.59
 172303.041    75.365     2.00    5.53
 172590.313    74.968    -1.38    5.71
 172877.570    75.212     0.85    5.66
 173164.812    74.777    -1.52    5.84
 173452.038    73.777    -3.48    6.95
 173739.250    72.351    -4.97    7.87
 174026.445    70.658    -5.89    7.83
 174313.626    69.843    -2.84    7.98
 174600.791    69.362    -1.68    7.98
 174887.942    69.027    -1.17    8.07
 175175.076    68.510    -1.80    7.65
 175462.196    68.880     1.29    6.72
 175749.300    68.006    -3.04    6.15
 176036.390    66.615    -4.84    6.56
 176323.463    63.801    -9.80    7.07
 176610.522    60.543   -11.34    7.97
 176897.566    57.496   -10.61    8.02
 177184.594    54.498   -10.45    6.83
 177471.607    52.151    -8.17    4.86
 177758.604    51.130    -3.56    3.64
 178045.587    51.868     2.57    3.97
 178332.554    53.803     6.74    5.62
 178619.506    56.472     9.30    6.12
 178906.443    58.803     8.12    5.94
 179193.365    60.777     6.88    5.45
 179480.272    62.313     5.35    4.86
 179767.163    63.343     3.59    4.46
 180054.039    64.702     4.74    5.19
 180340.900    66.311     5.61    5.73
 180627.746    67.671     4.74    6.08
 180914.576    69.369     5.92    6.19
 181201.392    71.499     7.43    5.42
 181488.192    73.115     5.63    4.51
 181774.977    73.782     2.33    4.75
 182061.747    73.884     0.35    4.88
 182348.501    75.257     4.79    5.17
 182635.241    75.325     0.24    5.44
 182921.965    75.150    -0.61    5.74
 183208.674    74.130    -3.56    6.16
 183495.368    73.972    -0.55    6.07
 183782.047    74.222     0.87    5.88
 184069.521    74.004    -0.76    5.58
 184359.497    73.619    -1.33    5.30
 184649.458    74.315     2.40    5.90
