-180253.514    27.826     0.00    1.06
-179964.122    27.726    -0.35    1.12
-179674.716    27.694    -0.11    1.24
-179385.296    28.261     1.96    2.32
-179095.862    29.533     4.40    3.76
-178806.413    30.386     2.95    4.11
-178516.951    30.621     0.81    4.01
-178227.474    30.988     1.27    3.82
-177937.984    30.945    -0.15    3.77
-177648.479    30.712    -0.80    3.85
-177358.961    29.981    -2.52    3.36
-177069.428    29.608    -1.29    2.04
-176779.881    29.678     0.24    1.75
-176490.320    30.298     2.14    1.91
-176200.745    30.727     1.48    2.09
-175911.156    31.100     1.29    1.96
-175621.553    30.841    -0.90    2.37
-175331.935    30.473    -1.27    2.74
-175042.304    29.739    -2.53    2.95
-174752.658    29.018    -2.49    2.97
-174462.999    28.250    -2.65    3.03
-174173.325    27.088    -4.01    2.40
-173883.637    26.384    -2.43    2.21
-173593.935    25.931    -1.56    2.11
-173304.219    25.886    -0.16    1.93
-173014.489    26.250     1.26    2.56
-172724.745    26.924     2.33    3.02
-172434.986    27.953     3.55    3.31
-172145.214    29.124     4.04    3.19
-171855.427    29.897     2.67    2.85
-171565.626    29.677    -0.76    3.03
-171275.811    29.094    -2.01    3.25
-170985.982    27.817    -4.41    3.26
-170696.139    26.607    -4.18    2.87
-170406.282    25.577    -3.55    2.34
-170116.410    24.626    -3.28    1.67
-169826.525    24.382    -0.84    1.81
-169536.625    24.002    -1.31    1.87
-169246.711    23.397    -2.09    2.04
-168956.783    22.761    -2.19    2.08
-168666.840    22.371    -1.34    2.05
-168376.884    22.160    -0.73    2.01
-168089.533    22.041    -0.41    1.80
-167802.579    21.821    -0.77    1.37
-167515.611    21.971     0.52    1.39
-167228.630    22.026     0.19    1.50
-166941.634    22.056     0.10    1.46
-166654.625    21.852    -0.71    1.41
-166367.602    21.842    -0.03    1.32
-166080.565    21.780    -0.22    1.48
-165793.514    21.427    -1.23    1.43
-165506.450    21.241    -0.65    1.38
-165219.371    21.077    -0.57    1.24
-164932.279    20.876    -0.70    1.35
-164645.173    20.779    -0.34    1.42
-164358.053    20.727    -0.18    1.42
-164070.919    20.621    -0.37    1.39
-163783.771    20.395    -0.79    1.52
-163496.610    20.367    -0.10    1.62
-163209.434    20.200    -0.58    1.63
-162922.245    19.951    -0.87    1.66
-162635.042    19.636    -1.10    1.70
-162347.824    19.230    -1.41    1.56
-162060.594    18.847    -1.34    1.50
-161773.349    18.380    -1.62    1.24
-161486.090    18.124    -0.89    1.11
-161198.817    17.988    -0.47    0.93
-160911.531    17.964    -0.08    0.94
-160624.230    17.891    -0.25    1.11
-160336.916    17.872    -0.07    1.15
-160049.588    17.936     0.22    1.34
-159762.246    17.903    -0.12    1.38
-159474.890    17.897    -0.02    1.36
-159187.520    17.791    -0.37    1.42
-158900.136    17.821     0.11    1.39
-158612.739    17.867     0.16    1.43
-158325.327    17.995     0.45    1.71
-158037.901    17.921    -0.26    1.67
-157750.462    17.936     0.05    1.72
-157463.009    17.811    -0.44    1.57
-157175.541    17.655    -0.54    1.55
-156888.060    17.612    -0.15    1.59
-156600.565    17.578    -0.12    1.32
-156313.056    17.324    -0.88    1.16
-156025.533    17.298    -0.09    1.13
-155737.996    17.474     0.61    1.52
-155450.445    17.641     0.58    1.57
-155162.880    17.670     0.10    1.55
-154875.301    17.672     0.01    1.31
-154587.709    17.665    -0.02    1.25
-154300.102    17.787     0.42    1.12
-154012.481    17.620    -0.58    1.18
-153724.847    17.369    -0.87    1.16
-153437.198    17.250    -0.42    1.07
-153149.536    17.200    -0.17    1.10
-152861.859    17.088    -0.39    1.16
-152574.169    17.077    -0.04    1.12
-152286.464    17.041    -0.13    1.32
-151998.746    17.047     0.02    1.33
-151711.013    17.011    -0.13    1.35
-151423.267    16.886    -0.43    1.26
-151135.507    16.841    -0.15    1.23
-150847.732    16.882     0.14    1.13
-150559.944    16.852    -0.11    1.15
-150272.142    16.862     0.03    0.93
-149984.326    16.783    -0.27    1.02
-149696.495    16.593    -0.66    1.13
-149408.651    16.386    -0.72    1.17
-149120.793    16.180    -0.72    1.23
-148832.920    16.018    -0.56    1.28
-148545.034    15.964    -0.19    1.26
-148257.134    16.026     0.21    1.31
-147969.220    16.062     0.13    1.31
-147681.291    16.140     0.27    1.27
-147393.349    16.309     0.59    1.23
-147105.393    16.672     1.26    1.38
-146817.422    16.836     0.57    1.56
-146529.438    16.980     0.50    1.49
-146241.439    17.085     0.37    1.57
-145953.427    17.327     0.84    1.59
-145665.401    17.518     0.66    1.40
-145377.360    17.772     0.88    1.36
-145089.305    17.703    -0.24    1.26
-144801.237    17.806     0.36    1.25
-144513.154    18.018     0.74    1.26
-144225.058    18.049     0.11    1.29
-143936.947    18.265     0.75    1.32
-143648.822    18.257    -0.03    1.52
-143360.683    17.966    -1.01    1.66
-143072.530    17.730    -0.82    1.79
-142784.363    17.306    -1.47    1.68
-142496.182    16.958    -1.21    1.64
-142207.987    16.564    -1.37    1.35
-141919.778    16.399    -0.57    1.16
-141631.555    16.257    -0.49    0.97
-141343.317    16.336     0.28    0.84
-141055.066    16.276    -0.21    0.95
-140766.801    16.336     0.21    1.04
-140478.521    16.336     0.00    1.05
-140190.227    16.241    -0.33    1.10
-139901.920    16.324     0.29    1.09
-139613.598    16.164    -0.55    1.01
-139325.262    16.175     0.04    1.02
-139036.912    16.140    -0.12    1.03
-138748.548    16.033    -0.37    1.04
-138460.170    16.049     0.05    1.01
-138171.777    16.041    -0.03    1.12
-137883.371    16.056     0.05    1.00
-137594.951    16.118     0.22    1.01
-137306.516    16.033    -0.30    1.26
-137018.067    15.951    -0.28    1.26
-136729.604    16.140     0.65    1.31
-136441.127    16.140     0.00    1.26
-136152.636    16.118    -0.07    1.36
-135864.131    16.041    -0.27    1.27
-135575.612    16.155     0.39    1.12
-135287.078    16.327     0.60    1.46
-134998.531    16.230    -0.34    1.54
-134709.969    16.164    -0.23    1.56
-134421.393    16.049    -0.40    1.27
-134132.803    16.103     0.19    1.21
-133844.199    16.220     0.40    1.24
-133555.580    16.230     0.04    1.26
-133266.948    16.401     0.59    1.23
-132978.301    16.685     0.98    1.26
-132689.640    16.943     0.89    1.27
-132400.965    17.079     0.47    1.24
-132112.276    17.288     0.72    1.18
-131823.573    17.235    -0.18    1.15
-131534.856    17.276     0.14    1.12
-131246.124    17.077    -0.69    1.12
-130957.378    17.056    -0.07    1.03
-130668.618    17.094     0.13    1.07
-130379.844    17.185     0.31    1.01
-130091.056    17.349     0.57    1.05
-129802.253    17.504     0.53    1.11
-129513.437    17.655     0.52    1.08
-129224.606    17.754     0.34    1.17
-128935.761    17.712    -0.14    1.20
-128646.901    17.685    -0.09    1.22
-128358.028    17.670    -0.05    1.29
-128069.140    17.672     0.01    1.29
-127780.238    17.489    -0.63    1.35
-127491.322    17.443    -0.16    1.32
-127202.392    17.371    -0.25    1.20
-126913.447    17.309    -0.21    1.23
-126624.489    17.230    -0.27    1.20
-126335.516    17.185    -0.16    1.14
-126046.529    17.134    -0.18    1.09
-125757.527    17.121    -0.04    1.09
-125468.512    16.836    -0.99    1.11
-125179.482    16.739    -0.34    1.13
-124890.438    16.712    -0.09    1.06
-124601.379    16.579    -0.46    1.02
-124312.307    16.473    -0.37    1.01
-124023.220    16.457    -0.06    0.95
-123734.119    16.386    -0.24    0.99
-123445.004    16.352    -0.12    0.90
-123155.874    16.342    -0.03    0.86
-122866.730    16.309    -0.11    0.88
-122577.572    16.324     0.05    0.86
-122288.400    16.306    -0.06    0.83
-121999.214    16.257    -0.17    0.85
-121710.013    16.283     0.09    1.01
-121420.798    16.170    -0.39    1.17
-121131.568    16.180     0.04    1.32
-120842.325    16.246     0.23    1.41
-120553.067    16.309     0.22    1.45
-120263.795    16.427     0.41    1.44
-119974.508    16.518     0.31    1.39
-119685.208    16.772     0.88    1.22
-119395.893    16.912     0.48    1.02
-119106.563    16.901    -0.04    1.07
-118817.220    16.973     0.25    1.06
-118527.862    17.071     0.34    1.06
-118238.490    17.185     0.40    1.06
-117949.103    17.272     0.30    1.17
-117659.703    17.279     0.03    1.13
-117370.288    17.306     0.09    1.14
-117080.858    17.283    -0.08    1.04
-116791.414    17.257    -0.09    1.00
-116501.956    17.384     0.44    1.04
-116212.484    17.427     0.15    1.06
-115922.998    17.518     0.31    1.03
-115633.497    17.518     0.00    0.98
-115343.981    17.457    -0.21    1.04
-115054.452    17.382    -0.26    0.97
-114764.908    17.349    -0.11    0.86
-114475.350    17.369     0.07    0.76
-114185.777    17.352    -0.06    0.78
-113896.190    17.321    -0.10    0.83
-113606.589    17.309    -0.04    0.77
-113316.973    17.288    -0.08    0.90
-113027.343    17.352     0.22    0.99
-112737.699    17.395     0.15    0.98
-112448.040    17.306    -0.31    1.05
-112158.367    17.395     0.31    1.02
-111868.680    17.339    -0.19    1.01
-111578.978    17.446     0.37    0.99
-111289.262    17.472     0.09    0.89
-110999.531    17.518     0.16    0.82
-110709.787    17.488    -0.11    0.75
-110420.027    17.412    -0.26    0.79
-110130.254    17.457     0.15    0.79
-109840.466    17.533     0.26    0.80
-109550.664    17.779     0.85    1.07
-109260.847    18.594     2.81    2.06
-108971.016    19.791     4.13    2.96
-108681.170    21.180     4.79    3.52
-108391.310    22.564     4.77    3.50
-108101.436    23.657     3.77    3.05
-107811.547    24.592     3.23    2.19
-107521.644    25.318     2.51    1.48
-107231.727    25.518     0.69    1.34
-106941.795    25.369    -0.51    1.29
-106651.849    25.318    -0.18    1.24
-106361.888    25.367     0.17    1.11
-106073.200    25.288    -0.27    1.16
-105786.288    25.209    -0.27    1.22
-105499.362    25.261     0.18    1.29
-105212.421    25.230    -0.11    1.22
-104925.467    25.190    -0.14    1.16
-104638.499    25.124    -0.23    1.19
-104351.516    24.912    -0.74    1.21
-104064.519    24.852    -0.21    1.19
-103777.509    24.697    -0.54    1.14
-103490.484    24.638    -0.21    1.16
-103203.445    24.564    -0.26    1.22
-102916.392    24.384    -0.63    1.28
-102629.325    24.205    -0.62    1.31
-102342.244    24.103    -0.36    1.26
-102055.148    24.064    -0.14    1.28
-101768.039    24.057    -0.02    1.26
-101480.916    23.906    -0.52    1.30
-101193.778    23.951     0.16    1.33
-100906.626    24.026     0.26    1.28
-100619.461    24.033     0.03    1.23
-100332.281    23.964    -0.24    1.31
-100045.087    23.836    -0.45    1.28
 -99757.879    23.826    -0.04    1.27
 -99470.656    23.812    -0.05    1.22
 -99183.420    23.712    -0.35    1.17
 -98896.169    23.607    -0.37    1.16
 -98608.905    23.621     0.05    1.28
 -98321.626    23.682     0.21    1.37
 -98034.333    23.579    -0.36    1.37
 -97747.026    23.393    -0.65    1.36
 -97459.705    23.180    -0.74    1.33
 -97172.370    23.130    -0.17    1.39
 -96885.020    23.061    -0.24    1.39
 -96597.657    23.160     0.34    1.32
 -96310.279    23.265     0.36    1.37
 -96022.887    23.200    -0.22    1.47
 -95735.481    23.312     0.39    1.58
 -95448.061    23.386     0.26    1.68
 -95160.626    23.380    -0.02    1.64
 -94873.178    23.199    -0.63    1.74
 -94585.715    23.018    -0.63    1.82
 -94298.238    22.621    -1.38    1.96
 -94010.747    22.165    -1.59    2.09
 -93723.242    21.659    -1.76    2.11
 -93435.722    21.268    -1.36    2.10
 -93148.189    20.826    -1.54    1.89
 -92860.641    20.503    -1.12    1.71
 -92573.079    20.373    -0.45    1.53
 -92285.503    20.386     0.04    1.39
 -91997.912    20.798     1.43    1.59
 -91710.308    21.034     0.82    1.61
 -91422.689    21.415     1.33    1.57
 -91135.056    21.626     0.73    1.44
 -90847.409    21.812     0.65    1.28
 -90559.747    21.808    -0.01    1.16
 -90272.072    21.742    -0.23    1.15
 -89984.382    21.682    -0.21    0.99
 -89696.678    21.518    -0.57    0.88
 -89408.960    21.562     0.15    0.84
 -89121.227    21.564     0.01    0.84
 -88833.481    21.593     0.10    0.80
 -88545.720    21.518    -0.26    0.84
 -88257.945    21.518     0.00    0.86
 -87970.155    21.518     0.00    0.88
 -87682.352    21.534     0.05    0.91
 -87394.534    21.621     0.30    0.92
 -87106.702    21.488    -0.46    0.98
 -86818.856    21.395    -0.32    0.93
 -86530.995    21.373    -0.08    0.93
 -86243.120    21.309    -0.22    1.01
 -85955.231    21.268    -0.14    1.08
 -85667.328    21.336     0.24    1.16
 -85379.410    21.399     0.22    1.21
 -85091.479    21.367    -0.11    1.22
 -84803.533    21.257    -0.38    1.22
 -84515.572    21.224    -0.11    1.13
 -84227.598    21.041    -0.64    1.12
 -83939.609    20.968    -0.25    1.05
 -83651.606    20.996     0.10    1.06
 -83363.588    21.003     0.03    0.85
 -83075.556    21.003     0.00    1.18
 -82787.510    21.011     0.03    1.28
 -82499.450    20.974    -0.13    1.45
 -82211.376    21.033     0.20    1.31
 -81923.287    21.204     0.59    1.54
 -81635.184    21.415     0.73    1.54
 -81347.066    21.653     0.82    1.58
 -81058.934    21.918     0.92    1.58
 -80770.788    21.980     0.21    1.60
 -80482.628    22.265     0.99    1.40
 -80194.453    22.429     0.57    1.48
 -79906.264    22.489     0.21    1.51
 -79618.061    22.445    -0.15    1.50
 -79329.844    22.342    -0.36    1.37
 -79041.612    22.226    -0.40    1.26
 -78753.365    22.230     0.02    1.38
 -78465.105    22.429     0.69    1.42
 -78176.830    22.459     0.10    1.49
 -77888.541    22.750     1.01    1.53
 -77600.237    23.160     1.42    1.47
 -77311.919    23.489     1.14    1.50
 -77023.587    23.672     0.64    1.31
 -76735.241    23.503    -0.59    1.44
 -76446.880    23.709     0.72    1.44
 -76158.504    23.996     0.99    1.52
 -75870.115    24.004     0.03    1.57
 -75581.711    23.981    -0.08    1.62
 -75293.293    23.812    -0.58    1.64
 -75004.860    23.973     0.56    1.53
 -74716.413    23.915    -0.20    1.52
 -74427.952    23.636    -0.97    1.40
 -74139.476    23.580    -0.19    1.27
 -73850.986    23.649     0.24    1.21
 -73562.481    23.504    -0.50    1.07
 -73273.962    23.533     0.10    1.12
 -72985.429    23.594     0.21    1.17
 -72696.882    23.596     0.01    1.25
 -72408.320    23.724     0.44    1.31
 -72119.743    23.700    -0.08    1.35
 -71831.152    23.837     0.47    1.46
 -71542.547    23.818    -0.07    1.48
 -71253.928    23.808    -0.04    1.65
 -70965.294    23.802    -0.02    1.74
 -70676.646    24.010     0.72    1.71
 -70387.983    24.018     0.03    1.69
 -70099.306    24.003    -0.05    1.67
 -69810.614    23.959    -0.15    1.65
 -69521.908    23.890    -0.24    1.56
 -69233.188    24.165     0.95    1.39
 -68944.453    24.092    -0.25    1.42
 -68655.704    24.096     0.02    1.42
 -68366.940    24.209     0.39    1.48
 -68078.162    24.180    -0.10    1.55
 -67789.369    24.347     0.58    1.48
 -67500.563    24.533     0.64    1.55
 -67211.741    24.533     0.00    1.60
 -66922.905    24.563     0.10    1.44
 -66634.055    24.645     0.28    1.50
 -66345.191    24.697     0.18    1.47
 -66056.311    24.657    -0.14    1.46
 -65767.418    24.779     0.42    1.44
 -65478.510    24.779     0.00    1.43
 -65189.587    24.682    -0.33    1.46
 -64900.650    24.682     0.00    1.42
 -64611.699    24.857     0.60    1.55
 -64322.733    24.806    -0.18    1.51
 -64033.753    24.918     0.39    1.43
 -63744.758    24.823    -0.33    1.53
 -63455.749    24.620    -0.70    1.62
 -63166.725    24.876     0.89    1.63
 -62877.687    24.697    -0.62    1.52
 -62588.634    24.626    -0.25    1.31
 -62299.567    24.776     0.52    1.27
 -62010.486    24.964     0.65    1.39
 -61721.389    25.033     0.24    1.47
 -61432.279    25.084     0.17    1.42
 -61143.154    25.011    -0.25    1.41
 -60854.014    25.033     0.08    1.42
 -60564.860    25.026    -0.02    1.44
 -60275.691    24.973    -0.18    1.47
 -59986.508    24.761    -0.73    1.64
 -59697.311    24.739    -0.08    1.60
 -59408.099    24.857     0.41    1.67
 -59118.872    25.033     0.61    1.57
 -58829.631    25.092     0.20    1.65
 -58540.375    25.057    -0.12    1.60
 -58251.105    25.079     0.08    1.43
 -57961.820    25.324     0.85    1.46
 -57672.521    25.414     0.31    1.48
 -57383.207    25.359    -0.19    1.52
 -57093.879    25.578     0.76    1.69
 -56804.536    25.812     0.81    1.66
 -56515.179    26.241     1.48    3.44
 -56225.807    26.291     0.17    3.40
 -55936.420    26.384     0.32    3.54
 -55647.019    26.697     1.08    3.54
 -55357.604    26.933     0.81    3.59
 -55068.174    27.414     1.66    3.75
 -54778.729    28.239     2.85    3.91
 -54489.270    29.011     2.67    3.24
 -54199.796    30.393     4.78    4.36
 -53910.308    31.357     3.33    4.77
 -53620.805    33.309     6.75    5.60
 -53331.287    34.243     3.22    5.46
 -53041.755    34.634     1.35    5.35
 -52752.208    35.092     1.58    5.02
 -52462.647    35.742     2.25    4.07
 -52173.071    36.201     1.58    3.62
 -51883.481    36.901     2.42    3.70
 -51593.876    38.224     4.57    4.47
 -51304.257    39.618     4.81    5.03
 -51014.622    41.098     5.11    5.25
 -50724.974    42.857     6.07    5.05
 -50435.310    44.239     4.77    4.95
 -50145.632    45.264     3.54    4.37
 -49855.940    46.049     2.71    3.53
 -49566.233    46.011    -0.13    2.88
 -49276.511    45.818    -0.67    3.02
 -48986.774    45.504    -1.09    3.01
 -48697.023    44.882    -2.15    3.07
 -48407.258    43.886    -3.44    3.27
 -48117.478    42.971    -3.16    3.24
 -47827.683    42.235    -2.54    3.22
 -47537.873    40.997    -4.27    3.39
 -47248.049    39.690    -4.51    2.89
 -46958.210    38.489    -4.14    2.51
 -46668.357    37.272    -4.20    2.26
 -46378.489    36.077    -4.12    2.71
 -46088.606    34.888    -4.10    2.86
 -45798.709    33.817    -3.69    2.95
 -45508.797    32.431    -4.78    3.01
 -45218.870    31.283    -3.96    3.18
 -44928.929    29.921    -4.70    2.76
 -44638.973    28.934    -3.41    2.78
 -44349.003    28.018    -3.16    2.75
 -44059.017    27.211    -2.79    2.77
 -43772.049    26.443    -2.68    2.68
 -43485.165    25.837    -2.11    2.62
 -43198.267    25.444    -1.37    2.60
 -42911.355    25.254    -0.66    2.57
 -42624.429    25.130    -0.43    2.62
 -42337.488    25.041    -0.31    2.64
 -42050.533    25.321     0.98    2.74
 -41763.563    25.072    -0.87    2.73
 -41476.580    24.680    -1.37    2.61
 -41189.582    23.876    -2.80    2.71
 -40902.569    22.982    -3.12    2.84
 -40615.543    22.224    -2.64    2.84
 -40328.502    20.876    -4.69    2.57
 -40041.446    19.927    -3.31    2.16
 -39754.377    19.226    -2.44    1.68
 -39467.293    18.783    -1.54    1.50
 -39180.194    18.369    -1.44    1.35
 -38893.081    17.910    -1.60    1.26
 -38605.954    17.665    -0.85    1.18
 -38318.813    17.460    -0.71    1.11
 -38031.657    17.246    -0.75    1.03
 -37744.487    16.986    -0.90    0.99
 -37457.303    16.901    -0.30    0.96
 -37170.104    16.958     0.20    0.99
 -36882.891    17.055     0.34    0.99
 -36595.663    16.990    -0.23    0.99
 -36308.421    16.852    -0.48    1.07
 -36021.165    16.812    -0.14    1.12
 -35733.894    16.815     0.01    1.14
 -35446.609    16.724    -0.32    1.18
 -35159.310    16.503    -0.77    1.17
 -34871.996    16.375    -0.44    1.08
 -34584.668    16.247    -0.45    1.01
 -34297.325    16.115    -0.46    0.94
 -34009.968    16.115     0.00    0.95
 -33722.597    16.034    -0.28    0.94
 -33435.211    15.981    -0.18    0.91
 -33147.811    15.934    -0.16    0.90
 -32860.397    16.048     0.40    1.03
 -32572.968    16.489     1.54    1.34
 -32285.524    17.072     2.03    1.65
 -31998.067    17.712     2.23    1.88
 -31710.594    18.220     1.77    1.91
 -31423.108    18.806     2.04    1.75
 -31135.607    19.018     0.74    1.59
 -30848.091    19.235     0.75    1.53
 -30560.562    19.235     0.00    1.55
 -30273.017    19.079    -0.54    1.40
 -29985.459    18.990    -0.31    1.40
 -29697.885    18.886    -0.36    1.13
 -29410.298    18.841    -0.15    1.16
 -29122.696    18.742    -0.34    1.17
 -28835.079    18.688    -0.19    1.13
 -28547.448    18.607    -0.28    1.09
 -28259.803    18.636     0.10    1.06
 -27972.143    18.718     0.29    1.04
 -27684.469    18.808     0.31    1.11
 -27396.780    18.876     0.24    1.11
 -27109.077    19.062     0.65    1.10
 -26821.359    19.264     0.70    1.05
 -26533.627    19.518     0.88    1.11
 -26245.881    19.620     0.35    1.15
 -25958.120    19.910     1.01    1.18
 -25670.344    20.209     1.04    1.08
 -25382.554    20.399     0.66    1.04
 -25094.750    20.621     0.77    0.99
 -24806.931    20.737     0.40    0.95
 -24519.097    20.802     0.23    0.98
 -24231.249    20.886     0.29    1.02
 -23943.387    20.945     0.20    1.01
 -23655.510    20.953     0.03    1.04
 -23367.619    20.966     0.05    0.99
 -23079.713    20.806    -0.56    0.97
 -22791.792    20.672    -0.47    1.05
 -22503.858    20.746     0.26    1.05
 -22215.908    20.668    -0.27    1.09
 -21927.944    20.401    -0.93    1.20
 -21639.966    20.104    -1.03    1.39
 -21351.973    19.739    -1.27    1.30
 -21063.965    19.695    -0.15    1.51
 -20775.944    19.703     0.03    1.77
 -20487.907    19.518    -0.64    1.98
 -20199.856    19.459    -0.21    2.40
 -19911.790    18.921    -1.87    3.00
 -19623.710    18.315    -2.10    3.40
 -19335.616    17.906    -1.42    3.52
 -19047.507    17.489    -1.45    3.70
 -18759.383    17.200    -1.00    3.81
 -18471.245    16.918    -0.98    3.99
 -18183.092    16.871    -0.16    4.11
 -17894.924    16.867    -0.02    4.32
 -17606.743    16.997     0.45    4.62
 -17318.546    16.818    -0.62    5.00
 -17030.335    16.417    -1.39    5.21
 -16742.110    15.578    -2.91    5.21
 -16453.869    14.643    -3.24    5.18
 -16165.615    13.386    -4.36    5.01
 -15877.346    11.966    -4.93    4.47
 -15589.062    11.147    -2.84    3.73
 -15300.763    10.918    -0.79    3.90
 -15012.450    10.636    -0.98    3.75
 -14724.123    11.257     2.16    4.94
 -14435.781    11.288     0.10    5.09
 -14147.424    12.077     2.74    6.07
 -13859.052    11.949    -0.44    6.10
 -13570.667    12.048     0.34    6.41
 -13282.266    11.247    -2.78    6.35
 -12993.851     9.712    -5.32    5.78
 -12705.421     8.623    -3.78    5.26
 -12416.977     7.412    -4.20    4.20
 -12128.518     6.397    -3.52    2.87
 -11840.044     5.564    -2.89    1.48
 -11551.556     5.205    -1.25    1.17
 -11263.054     5.224     0.07    1.16
 -10974.536     5.339     0.40    1.17
 -10686.004     5.429     0.31    1.33
 -10397.458     6.118     2.39    3.22
 -10108.896     6.488     1.28    4.03
  -9820.320     7.309     2.85    5.00
  -9531.730     7.488     0.62    5.22
  -9243.125     7.621     0.46    5.73
  -8954.505     6.936    -2.37    5.00
  -8665.871     7.133     0.68    4.64
  -8377.222     7.279     0.51    4.46
  -8088.558     7.611     1.15    4.64
  -7799.879     9.062     5.03    5.48
  -7511.186    10.749     5.84    6.43
  -7222.479    12.342     5.52    6.50
  -6933.756    13.447     3.83    6.40
  -6645.019    13.930     1.67    6.17
  -6356.268    14.107     0.61    5.96
  -6067.502    14.690     2.02    5.47
  -5778.721    14.254    -1.51    4.79
  -5489.925    14.787     1.85    3.80
  -5201.115    15.069     0.98    3.35
  -4912.290    15.761     2.40    3.08
  -4623.450    16.798     3.59    2.73
  -4334.595    17.533     2.55    2.81
  -4045.726    17.846     1.08    2.88
  -3756.843    18.048     0.70    3.14
  -3467.944    18.195     0.51    2.85
  -3179.031    17.945    -0.87    2.82
  -2890.103    18.004     0.21    2.61
  -2601.161    17.518    -1.68    2.95
  -2312.203    16.578    -3.25    3.40
  -2023.231    16.018    -1.94    3.78
  -1734.245    15.594    -1.47    4.22
  -1445.243    13.882    -5.92    6.01
  -1156.227    11.205    -9.26    7.65
   -867.196     8.386    -9.75    8.28
   -578.151     5.921    -8.53    8.19
   -289.091     3.190    -9.45    7.12
     -0.016     1.072    -7.33    5.31
    289.074     0.306    -2.65    3.74
    578.178     0.754     1.55    3.39
    867.298     1.857     3.82    3.56
   1156.432     2.837     3.39    3.29
   1445.580     3.727     3.08    2.79
   1734.744     4.392     2.30    2.08
   2023.922     4.291    -0.35    1.61
   2313.115     4.472     0.63    1.50
   2602.322     4.607     0.46    1.39
   2891.545     4.700     0.32    1.33
   3180.782     5.040     1.18    1.16
   3470.034     5.547     1.75    1.90
   3759.301     6.257     2.46    2.59
   4048.582     7.563     4.51    3.38
   4337.878     9.315     6.06    4.41
   4627.189    11.327     6.95    5.08
   4916.515    13.592     7.83    5.06
   5205.856    15.446     6.41    4.63
   5495.211    16.818     4.74    3.98
   5784.581    17.974     3.99    3.24
   6073.966    18.904     3.21    2.29
   6363.366    19.382     1.65    2.02
   6652.780    19.653     0.94    1.95
   6942.210    20.324     2.32    4.16
   7231.654    20.707     1.32    5.36
   7521.113    21.490     2.71    7.05
   7810.586    21.444    -0.16    8.17
   8100.075    21.312    -0.45    9.30
   8389.578    20.764    -1.89    9.87
   8679.097    18.943    -6.29    9.15
   8968.629    17.205    -6.00    7.65
   9258.177    15.415    -6.18    6.38
   9547.740    13.590    -6.30    4.65
   9837.317    12.195    -4.82    2.93
  10126.910    11.474    -2.49    2.67
  10416.517    10.836    -2.20    2.47
  10706.139    10.088    -2.59    2.21
  10995.775     9.575    -1.77    1.94
  11285.427     9.268    -1.06    1.67
  11575.094     9.233    -0.12    1.66
  11864.775     9.344     0.39    1.62
  12154.471     9.357     0.04    1.59
  12444.182     9.268    -0.30    1.38
  12733.908     9.253    -0.05    1.10
  13023.649     9.429     0.61    1.11
  13313.404     9.736     1.06    1.34
  13603.175    10.061     1.12    1.67
  13892.960    10.489     1.48    1.81
  14182.760    10.685     0.68    1.71
  14472.575    11.151     1.61    1.87
  14762.405    11.443     1.01    1.74
  15052.250    11.623     0.62    1.77
  15342.110    12.069     1.54    2.08
  15631.984    12.504     1.50    2.23
  15921.874    13.160     2.26    2.53
  16211.778    13.318     0.55    2.54
  16501.698    13.562     0.84    2.50
  16791.632    13.888     1.12    2.39
  17081.581    14.175     0.99    2.31
  17371.545    14.591     1.43    2.31
  17661.524    15.336     2.57    2.89
  17951.517    16.578     4.28    3.67
  18239.892    17.518     3.26    4.05
  18526.732    18.715     4.17    4.23
  18813.587    20.064     4.70    4.58
  19100.456    21.085     3.56    4.73
  19387.339    21.727     2.24    4.57
  19674.238    22.415     2.40    4.06
  19961.150    22.899     1.68    3.77
  20248.078    23.090     0.67    3.50
  20535.019    22.882    -0.72    3.09
  20821.976    22.298    -2.04    3.22
  21108.947    21.331    -3.37    3.60
  21395.932    20.386    -3.29    3.92
  21682.932    19.156    -4.29    3.63
  21969.947    17.961    -4.16    2.95
  22256.976    17.390    -1.99    1.88
  22544.020    17.503     0.40    1.89
  22831.078    18.533     3.59    2.88
  23118.151    19.949     4.93    3.66
  23405.239    21.906     6.82    4.64
  23692.341    24.315     8.39    5.12
  23979.457    26.446     7.42    4.77
  24266.589    28.018     5.48    4.33
  24553.735    28.847     2.88    3.67
  24840.895    29.312     1.62    3.96
  25128.070    29.211    -0.35    4.73
  25415.260    27.973    -4.31    5.26
  25702.464    26.623    -4.70    5.41
  25989.683    24.077    -8.86    5.78
  26276.916    22.118    -6.82    5.37
  26564.164    20.906    -4.22    5.18
  26851.427    20.133    -2.69    4.65
  27138.704    19.973    -0.56    4.94
  27425.996    19.257    -2.49    4.17
  27713.303    19.312     0.19    4.10
  28000.624    18.609    -2.45    3.39
  28287.960    18.475    -0.47    2.81
  28575.310    19.190     2.49    3.59
  28862.675    19.783     2.06    3.83
  29150.055    20.357     2.00    3.93
  29437.449    21.456     3.83    4.52
  29724.858    22.445     3.44    4.81
  30012.282    24.011     5.45    4.89
  30299.720    25.504     5.19    4.58
  30587.173    26.591     3.78    4.19
  30874.641    27.324     2.55    3.83
  31162.123    27.921     2.08    3.49
  31449.620    28.048     0.44    3.35
  31737.131    27.670    -1.31    3.14
  32024.658    27.291    -1.32    3.00
  32312.199    26.936    -1.23    2.73
  32599.754    26.682    -0.88    2.82
  32887.324    27.190     1.76    2.95
  33174.909    27.875     2.38    3.57
  33462.509    28.661     2.73    4.16
  33750.123    29.518     2.98    4.30
  34037.752    30.312     2.76    4.51
  34325.396    31.221     3.16    5.07
  34613.054    32.062     2.92    5.47
  34900.727    33.165     3.83    5.48
  35188.415    33.790     2.17    5.65
  35476.117    34.228     1.52    5.99
  35763.835    34.852     2.17    5.91
  36051.567    35.180     1.14    5.90
  36339.313    34.411    -2.67    5.32
  36627.074    34.776     1.27    5.25
  36914.850    34.837     0.21    4.73
  37202.641    34.757    -0.28    4.31
  37490.447    35.808     3.65    4.92
  37778.267    36.915     3.85    5.41
  38066.102    38.700     6.20    5.20
  38353.951    40.033     4.63    5.22
  38641.816    40.841     2.81    5.20
  38929.695    42.312     5.11    5.69
  39217.588    43.563     4.34    5.78
  39505.497    44.347     2.72    6.37
  39793.420    44.736     1.35    6.26
  40081.358    46.018     4.45    6.29
  40369.311    47.827     6.28    6.58
  40657.279    48.925     3.81    6.38
  40945.261    50.577     5.74    6.91
  41233.258    53.794    11.17    8.03
  41521.270    56.947    10.95    8.09
  41809.297    60.417    12.05    7.39
  42097.338    63.862    11.96    7.07
  42385.394    67.077    11.16    6.77
  42673.465    69.626     8.85    6.04
  42961.551    71.279     5.74    5.31
  43249.651    73.199     6.66    4.38
  43537.766    74.504     4.53    3.26
  43825.896    75.156     2.26    2.50
  44114.041    75.342     0.65    2.30
  44402.201    74.966    -1.30    2.73
  44690.375    74.882    -0.29    3.13
  44978.564    74.867    -0.05    3.42
  45266.768    74.742    -0.43    3.84
  45554.987    74.294    -1.55    4.23
  45843.221    72.847    -5.02    5.62
  46131.469    71.592    -4.35    6.71
  46419.733    70.390    -4.17    6.57
  46708.011    68.548    -6.39    5.53
  46996.303    68.164    -1.33    4.78
  47284.611    67.474    -2.39    4.97
  47572.934    68.504     3.57    5.43
  47861.271    69.939     4.98    5.44
  48149.623    70.747     2.80    5.49
  48437.990    70.808     0.21    5.42
  48726.372    70.739    -0.24    5.11
  49014.768    70.579    -0.55    4.56
  49303.180    71.145     1.96    4.44
  49591.606    72.199     3.66    4.77
  49880.047    73.576     4.77    5.51
  50168.504    75.304     5.99    5.93
  50456.974    77.071     6.12    5.89
  50745.460    79.165     7.26    4.94
  51033.961    80.857     5.86    5.00
  51322.476    81.640     2.71    4.79
  51611.007    82.836     4.15    4.75
  51899.552    84.165     4.61    4.77
  52188.112    85.417     4.34    4.23
  52476.687    86.459     3.61    3.78
  52765.276    87.895     4.97    3.61
  53053.881    89.294     4.85    3.42
  53342.501    90.155     2.98    3.34
  53631.135    91.268     3.86    3.36
  53919.784    92.608     4.64    3.62
  54208.449    94.084     5.11    3.42
  54497.128    95.257     4.07    3.15
  54785.822    96.591     4.62    3.73
  55074.531    98.033     5.00    3.81
  55363.255    98.909     3.03    3.48
  55651.993    99.354     1.54    3.43
  55940.747    99.243    -0.39    3.73
  56229.515    98.330    -3.16    4.59
  56518.299    96.631    -5.88    5.82
  56807.097    94.175    -8.50    6.16
  57095.910    92.048    -7.37    5.83
  57384.739    89.841    -7.64    5.63
  57673.582    87.397    -8.46    5.75
  57962.440    85.085    -8.00    5.12
  58251.313    84.048    -3.59    3.96
  58540.201    84.404     1.23    4.14
  58829.104    85.620     4.21    5.68
  59118.021    86.852     4.26    6.12
  59406.954    88.653     6.23    5.59
  59695.902    90.288     5.66    5.03
  59984.864    91.768     5.12    4.43
  60273.842    93.504     6.01    4.14
  60562.835    94.333     2.87    3.77
  60851.842    94.562     0.79    3.43
  61140.864    94.842     0.97    3.28
  61429.902    95.533     2.39    3.00
  61718.954    95.862     1.14    2.78
  62008.022    95.981     0.41    2.64
  62297.104    96.090     0.38    2.63
  62586.201    96.040    -0.17    2.40
  62875.314    95.775    -0.92    2.11
  63164.441    95.757    -0.06    2.23
  63453.583    95.092    -2.30    2.33
  63742.740    94.397    -2.40    2.90
  64031.912    93.195    -4.16    3.36
  64321.100    91.518    -5.80    4.47
  64610.302    89.577    -6.71    5.81
  64899.519    88.333    -4.30    5.90
  65188.751    87.388    -3.27    5.38
  65477.999    87.175    -0.74    5.58
  65767.261    88.369     4.13    6.42
  66056.538    89.533     4.03    6.70
  66345.830    91.804     7.85    5.54
  66635.138    92.724     3.18    4.79
  66924.460    92.390    -1.16    4.67
  67213.797    91.290    -3.80    5.01
  67503.149    88.951    -8.08    6.14
  67792.517    85.518   -11.86    6.89
  68081.899    82.852    -9.22    7.27
  68371.297    80.488    -8.17    7.35
  68660.709    78.110    -8.22    8.09
  68950.137    76.344    -6.10    8.12
  69239.579    75.156    -4.11    7.66
  69529.037    75.124    -0.11    7.21
  69818.509    74.724    -1.38    6.13
  70107.997    74.579    -0.50    5.57
  70397.500    75.064     1.67    5.89
  70687.018    78.265    11.06    7.95
  70976.551    81.459    11.03    9.00
  71266.098    84.692    11.17    8.59
  71555.661    87.170     8.56    7.67
  71845.240    89.257     7.21    6.31
  72134.833    90.959     5.88    5.68
  72424.441    90.718    -0.83    4.90
  72714.064    90.563    -0.54    4.70
  73003.703    90.283    -0.97    4.35
  73293.356    89.649    -2.19    4.18
  73583.025    89.254    -1.36    3.61
  73872.708    88.518    -2.54    3.82
  74162.407    87.901    -2.13    4.16
  74452.121    87.503    -1.37    4.79
  74741.850    87.199    -1.05    4.72
  75031.594    86.953    -0.85    4.81
  75321.353    86.783    -0.59    4.68
  75611.127    86.871     0.30    4.18
  75900.917    85.897    -3.36    5.06
  76190.721    83.268    -9.07    6.89
  76480.541    79.903   -11.61    7.95
  76770.375    78.136    -6.10    7.39
  77060.225    77.561    -1.98    6.59
  77350.090    78.033     1.63    6.55
  77639.970    79.195     4.01    6.96
  77929.866    81.688     8.60    5.51
  78219.776    82.973     4.43    3.67
  78509.701    82.695    -0.96    4.34
  78799.642    80.444    -7.76    6.06
  79089.598    77.175   -11.27    8.54
  79379.569    73.417   -12.96    9.42
  79669.555    69.147   -14.73    9.27
  79959.556    65.041   -14.16    8.59
  80249.402    62.980    -7.11    7.73
  80536.193    61.357    -5.66    6.85
  80822.998    61.243    -0.40    6.29
  81109.818    62.533     4.50    6.97
  81396.653    64.818     7.97    8.00
  81683.503    67.283     8.59    9.04
  81970.367    69.837     8.90   10.24
  82257.246    73.170    11.62   11.32
  82544.140    76.579    11.88   11.31
  82831.049    79.609    10.56   10.34
  83117.973    82.445     9.88    9.61
  83404.911    84.327     6.56    8.81
  83691.864    85.503     4.10    8.34
  83978.832    87.590     7.27    8.49
  84265.815    90.459    10.00    8.73
  84552.812    93.261     9.76    8.55
  84839.825    96.430    11.04    9.03
  85126.852    98.857     8.46    9.16
  85413.894   102.312    12.04    9.31
  85700.950   106.098    13.19    9.80
  85988.022   109.823    12.98    9.03
  86275.108   113.697    13.50    8.03
  86562.210   117.700    13.94    6.99
  86849.326   120.548     9.92    6.08
  87136.457   122.503     6.81    6.19
  87423.602   122.224    -0.97    7.30
  87710.763   121.071    -4.02    8.60
  87997.938   118.445    -9.14   10.01
  88285.129   114.590   -13.42   10.94
  88572.334   110.312   -14.89    9.81
  88859.554   105.488   -16.80    8.74
  89146.788   101.651   -13.36    9.42
  89434.038    97.549   -14.28    9.32
  89721.303    94.750    -9.74    8.92
  90008.582    91.243   -12.21    7.75
  90295.876    88.533    -9.43    7.81
  90583.185    85.575   -10.29    7.77
  90870.509    82.787    -9.71    7.53
  91157.848    79.577   -11.17    7.37
  91445.202    76.533   -10.59    7.13
  91732.570    74.533    -6.96    6.80
  92019.954    71.268   -11.36    6.83
  92307.352    68.283   -10.39    6.27
  92594.765    65.918    -8.23    6.18
  92882.193    64.040    -6.54    4.97
  93169.636    63.354    -2.39    4.33
  93457.094    64.175     2.86    5.53
  93744.567    66.057     6.55    7.56
  94032.055    70.004    13.73   10.75
  94319.557    74.827    16.78   12.14
  94607.075    80.576    20.00   13.74
  94894.607    84.750    14.52   15.01
  95182.155    88.924    14.52   15.33
  95469.717    92.062    10.91   15.07
  95757.294    94.306     7.80   14.35
  96044.886    93.459    -2.94   13.81
  96332.493    91.623    -6.39   13.85
  96620.115    87.185   -15.43   14.10
  96907.752    82.913   -14.85   11.75
  97195.404    79.871   -10.57    8.01
  97483.070    78.798    -3.73    6.45
  97770.752    79.780     3.41    7.81
  98058.449    82.503     9.47    9.46
  98346.160    86.077    12.42   10.63
  98633.887    91.549    19.02   12.32
  98921.628    96.112    15.86   12.91
  99209.385   100.304    14.57   12.90
  99497.156   103.718    11.87   12.45
  99784.942   107.607    13.51   12.09
 100072.744   110.626    10.49   11.32
 100360.560   115.004    15.21   12.24
 100648.391   118.459    12.00   12.40
 100936.237   122.673    14.64   12.46
 101224.098   128.068    18.74   12.85
 101511.974   133.930    20.37   13.20
 101799.866   137.996    14.12   13.46
 102087.772   140.697     9.38   14.20
 102375.693   142.806     7.32   13.89
 102663.629   141.190    -5.61   17.08
 102951.580   137.382   -13.23   20.80
 103239.546   131.783   -19.44   24.12
 103527.527   123.675   -28.16   25.21
 103815.523   116.933   -23.42   23.55
 104103.534   112.901   -14.00   19.33
 104391.560   111.414    -5.16   15.81
 104679.601   114.268     9.91   14.63
 104967.657   119.309    17.50   16.90
 105255.728   122.104     9.70   17.88
 105543.814   125.895    13.16   18.84
 105831.916   127.041     3.98   18.66
 106120.032   122.901   -14.37   21.20
 106408.163   114.847   -27.96   23.65
 106696.309   105.668   -31.86   20.68
 106984.470   100.056   -19.48   17.59
 107272.647    96.339   -12.90   13.91
 107560.838    94.812    -5.30   10.64
 107849.044    97.458     9.18   11.52
 108137.266   103.447    20.78   13.66
 108425.502   111.446    27.75   14.95
 108713.754   118.352    23.96   14.94
 109002.020   123.062    16.34   13.22
 109290.302   124.623     5.41   12.26
 109578.598   122.939    -5.84   13.87
 109866.910   121.721    -4.22   15.28
 110155.237   118.915    -9.73   16.86
 110443.579   113.254   -19.64   17.05
 110731.936   106.657   -22.88   15.18
 111020.308   103.327   -11.55   13.06
 111308.695   101.518    -6.27   12.49
 111597.097   100.268    -4.33   11.52
 111885.514   100.098    -0.59    9.96
 112173.947   102.185     7.24    9.07
 112462.394   106.504    14.97   11.41
 112750.857   112.590    21.10   13.61
 113039.334   116.826    14.69   14.09
 113327.827   120.283    11.98   13.77
 113616.335   120.611     1.14   13.03
 113904.858   118.354    -7.82   15.18
 114193.396   113.388   -17.21   17.32
 114481.949   107.707   -19.69   17.49
 114770.517   100.324   -25.59   16.33
 115059.100    93.703   -22.95   15.89
 115347.699    87.812   -20.41   15.29
 115636.312    83.688   -14.29   14.92
 115924.941    80.634   -10.58   13.85
 116213.585    77.576   -10.60   12.50
 116502.244    76.145    -4.96   10.11
 116790.918    75.224    -3.19    9.54
 117079.607    74.165    -3.67    9.87
 117368.312    72.382    -6.18   10.45
 117657.031    70.445    -6.71   10.19
 117945.766    68.549    -6.57    9.88
 118234.516    66.772    -6.15    8.82
 118523.281    65.402    -4.74    6.39
 118812.061    65.257    -0.50    5.15
 119100.856    67.283     7.01    6.77
 119389.667    69.670     8.27    8.02
 119678.492    73.136    12.00    8.95
 119967.333    77.473    15.02   10.18
 120256.189    82.575    17.67   11.75
 120545.060    86.180    12.48   11.33
 120833.947    88.312     7.38   10.38
 121122.848    91.682    11.67    9.90
 121411.765    94.653    10.28   11.05
 121700.697    98.730    14.11   14.45
 121989.644   104.827    21.10   19.27
 122278.606   108.306    12.04   19.64
 122567.583   110.257     6.75   18.24
 122856.576   107.661    -8.98   17.91
 123145.584   103.208   -15.41   18.83
 123434.607    98.945   -14.75   19.65
 123723.645    95.593   -11.60   19.52
 124012.699    91.827   -13.03   16.55
 124301.767    88.239   -12.41   13.00
 124590.851    89.363     3.89   14.58
 124879.950    91.118     6.07   15.82
 125169.064    94.798    12.73   15.39
 125458.194    95.156     1.24   15.63
 125747.339    93.943    -4.20   16.58
 126036.499    90.503   -11.90   18.08
 126325.674    86.071   -15.33   18.67
 126614.864    79.724   -21.95   18.24
 126904.070    75.618   -14.20   15.94
 127193.291    72.901    -9.40   12.94
 127482.527    71.733    -4.04   11.72
 127771.779    73.109     4.76   12.63
 128061.045    76.414    11.43   13.17
 128350.327    80.004    12.41   12.42
 128639.625    84.004    13.83   10.32
 128928.937    85.605     5.54    8.90
 129218.265    84.618    -3.41    7.85
 129507.608    83.577    -3.60    8.31
 129796.966    82.239    -4.63    9.03
 130086.340    80.730    -5.21    9.70
 130375.728    79.041    -5.84   10.39
 130665.132    77.653    -4.80   10.27
 130954.552    75.812    -6.36    9.69
 131243.986    75.547    -0.92    9.22
 131533.436    76.055     1.75    8.80
 131822.902    76.107     0.18    9.17
 132112.382    77.399     4.46    9.75
 132401.878    77.382    -0.06    9.72
 132691.389    77.489     0.37   10.21
 132980.916    75.576    -6.61    9.70
 133270.457    74.347    -4.25    8.52
 133560.014    73.061    -4.44    6.46
 133849.587    73.665     2.09    7.28
 134139.174    75.298     5.64    9.05
 134428.777    77.927     9.08    9.75
 134718.396    80.230     7.95   10.07
 135008.029    82.061     6.32    9.78
 135297.678    82.906     2.92   10.45
 135587.343    83.054     0.51   10.87
 135877.022    82.195    -2.96   11.44
 136166.717    81.124    -3.70   10.59
 136456.427    79.665    -5.04    9.63
 136746.153    80.294     2.17    9.10
 137035.894    80.562     0.93    8.76
 137325.650    80.577     0.05    8.86
 137615.422    80.447    -0.45    9.32
 137905.209    82.090     5.67    9.47
 138195.012    83.190     3.80    9.61
 138484.829    84.504     4.53    9.72
 138774.662    85.578     3.71   10.30
 139064.511    86.290     2.46   10.42
 139354.375    87.847     5.37   10.21
 139644.254    90.623     9.58   10.18
 139934.149    94.004    11.66   10.36
 140224.059    97.018    10.40   10.35
 140513.984    99.444     8.37   10.00
 140803.925   102.563    10.76    7.60
 141093.881   104.309     6.02    5.34
 141383.852   104.342     0.11    5.01
 141673.839   103.827    -1.78    6.37
 141963.842   103.800    -0.09    6.68
 142253.859   102.787    -3.49    7.09
 142541.982   103.624     2.91    7.59
 142828.749   104.724     3.84    7.42
 143115.532   106.474     6.10    7.05
 143402.329   107.375     3.14    7.52
 143689.141   108.617     4.33    8.26
 143975.968   108.817     0.70    8.64
 144262.811   106.783    -7.09    9.93
 144549.668   104.798    -6.92    8.57
 144836.540   105.130     1.16    7.56
 145123.428   105.915     2.74    7.39
 145410.330   107.444     5.33    7.94
 145697.247   108.018     2.00    8.35
 145984.180   110.272     7.86    8.51
 146271.127   113.055     9.70    7.68
 146558.090   115.228     7.58    7.62
 146845.067   116.384     4.03    7.56
 147132.060   117.577     4.16    7.27
 147419.067   118.776     4.18    7.50
 147706.090   120.414     5.71    7.52
 147993.128   119.283    -3.94    9.73
 148280.180   118.369    -3.18   10.59
 148567.248   117.933    -1.52   10.34
 148854.331   117.636    -1.03   10.23
 149141.429   118.730     3.81   11.01
 149428.542   121.415     9.35   13.02
 149715.670   126.190    16.63   14.25
 150002.813   130.061    13.48   15.76
 150289.971   132.634     8.96   17.47
 150577.145   131.433    -4.18   20.08
 150864.333   128.233   -11.14   21.90
 151151.537   125.621    -9.09   21.54
 151438.755   125.224    -1.38   19.43
 151725.989   125.200    -0.08   18.16
 152013.237   126.382     4.11   17.29
 152300.501   128.636     7.85   16.81
 152587.780   129.842     4.20   18.03
 152875.074   127.310    -8.81   20.74
 153162.383   123.633   -12.80   22.44
 153449.708   119.561   -14.17   22.81
 153737.047   113.415   -21.39   17.90
 154024.401   112.412    -3.49   15.97
 154311.771   114.151     6.05   15.95
 154599.156   119.301    17.92   17.68
 154886.555   126.417    24.76   18.37
 155173.970   131.969    19.32   18.09
 155461.400   137.547    19.41   18.26
 155748.846   141.736    14.57   17.17
 156036.306   146.580    16.85   15.69
 156323.781   149.852    11.38   14.64
 156611.272   152.695     9.89   14.09
 156898.778   154.489     6.24   13.72
 157186.299   155.504     3.53   12.43
 157473.835   157.547     7.11   12.10
 157761.386   160.347     9.74   11.61
 158048.952   162.636     7.96   11.51
 158336.534   165.384     9.56   10.74
 158624.130   167.827     8.50   11.11
 158911.742   172.518    16.31   11.38
 159199.369   176.075    12.37   10.26
 159487.011   176.204     0.45   10.39
 159774.669   175.953    -0.87    9.74
 160062.341   173.779    -7.56   11.73
 160350.029   170.100   -12.79   13.49
 160637.732   167.049   -10.61   12.64
 160925.450   161.768   -18.35   13.60
 161213.183   158.124   -12.67   13.29
 161500.931   156.318    -6.28   12.95
 161788.695   156.290    -0.10   13.50
 162076.474   158.047     6.11   14.28
 162364.268   158.808     2.65   16.87
 162652.077   161.802    10.40   18.94
 162939.902   164.430     9.13   20.81
 163227.741   173.458    31.37   22.80
 163515.596   181.910    29.37   25.41
 163803.466   189.359    25.88   26.45
 164091.352   199.115    33.89   25.03
 164379.252   206.047    24.08   20.61
 164667.168   211.121    17.63   15.93
 164955.099   212.549     4.96   14.08
 165243.045   210.886    -5.77   15.56
 165531.006   209.041    -6.41   15.81
 165818.983   207.204    -6.38   14.62
 166106.975   205.562    -5.70   14.71
 166394.982   204.268    -4.49   15.00
 166683.004   203.151    -3.88   14.70
 166971.042   198.891   -14.79   17.19
 167259.095   194.668   -14.67   19.15
 167547.163   190.682   -13.84   18.44
 167835.246   190.739     0.20   18.35
 168123.345   190.445    -1.02   19.67
 168411.459   191.156     2.47   21.69
 168699.588   191.647     1.70   21.60
 168987.733   192.576     3.23   20.06
 169275.892   191.533    -3.62   20.01
 169564.067   188.121   -11.84   17.16
 169852.258   185.787    -8.10   13.68
 170140.463   187.618     6.36   14.29
 170428.684   191.933    14.97   14.88
 170716.920   194.832    10.06   14.75
 171005.172   198.324    12.12   15.88
 171293.438   201.562    11.23   15.35
 171581.720   202.670     3.84   14.92
 171870.018   204.930     7.84   15.38
 172158.330   205.079     0.52   15.48
 172446.658   208.384    11.46   14.60
 172735.001   210.736     8.16   13.53
 173023.360   212.953     7.69   12.47
 173311.734   216.857    13.54   10.88
 173600.123   220.140    11.39   10.39
 173888.527   222.062     6.67   10.17
 174176.947   225.072    10.44    7.80
 174465.382   226.475     4.87    6.50
 174753.833   227.127     2.26    5.29
 175042.299   226.041    -3.77    6.02
 175330.780   223.431    -9.05    7.91
 175619.276   219.127   -14.92    8.69
 175907.788   215.412   -12.88    8.67
 176196.315   211.195   -14.62    8.74
 176484.858   206.549   -16.10    9.96
 176773.416   202.098   -15.43   10.93
 177061.989   197.779   -14.97   10.55
 177350.578   195.953    -6.33    9.81
 177639.181   194.827    -3.90    9.04
 177927.801   196.279     5.03    9.76
 178216.435   199.033     9.54    9.51
 178505.085   202.474    11.92    8.32
 178793.751   205.136     9.22    5.98
 179082.432   206.136     3.46    5.43
 179371.128   206.715     2.01    5.32
 179659.839   206.533    -0.63    5.36
 179948.566   205.327    -4.18    4.99
 180237.309   203.712    -5.59    5.38
 180526.066   201.607    -7.29    5.89
 180814.839   199.324    -7.90    6.52
 181103.628   197.461    -6.45    6.70
 181392.432   196.251    -4.19    6.31
 181681.251   195.474    -2.69    5.83
 181970.086   196.607     3.92    6.33
 182258.936   198.623     6.98    7.62
 182547.801   201.533    10.08    8.09
 182836.682   205.239    12.83    8.63
 183125.579   208.160    10.11    9.70
 183414.491   211.475    11.47    9.33
 183703.418   214.875    11.77    6.90
 183992.360   216.518     5.69    6.09
 184281.318   216.040    -1.66    8.34
 184570.292   215.228    -2.81    9.26
 184859.281   214.651    -2.00    9.41
 185148.285   214.459    -0.66    9.29
 185437.305   214.617     0.54    9.48
 185726.340   214.701     0.29    8.85
 186015.391   215.388     2.38    8.79
 186304.457   216.504     3.86    8.80
 186593.539   217.746     4.30    8.52
 186882.636   219.821     7.18    9.47
 187171.748   222.357     8.77    9.23
 187460.876   225.430    10.63    9.24
 187750.020   227.704     7.87    9.09
 188039.179   230.233     8.75    8.82
 188328.353   233.257    10.46    7.74
 188617.543   236.959    12.80    6.74
 188906.749   238.882     6.65    6.95
 189195.969   240.107     4.23    6.82
 189485.206   241.488     4.78    7.10
 189774.458   242.982     5.16    6.66
 190063.725   244.590     5.56    6.26
 190353.008   246.040     5.01    6.29
 190642.306   247.647     5.56    6.33
 190931.620   249.817     7.50    6.01
 191220.949   251.279     5.06    5.63
 191510.294   253.327     7.08    5.93
 191799.654   255.881     8.83    6.41
 192089.030   258.562     9.27    7.06
 192378.422   261.715    10.90    7.71
 192667.828   264.871    10.91    7.96
 192957.251   269.018    14.33    8.53
 193246.689   273.200    14.45    8.61
 193536.142   275.927     9.42    8.07
 193825.611   278.121     7.58    6.91
 194115.096   280.243     7.33    5.64
 194404.596   281.293     3.63    5.09
 194694.111   280.983    -1.07    5.25
 194983.643   279.312    -5.77    5.86
 195273.189   276.107   -11.07    6.53
 195562.752   272.989   -10.77    7.75
 195852.329   271.136    -6.40    7.60
 196141.923   268.856    -7.87    7.12
 196431.532   266.447    -8.32    7.98
 196721.156   266.147    -1.04    8.40
 197010.796   266.518     1.28   10.18
 197300.452   265.886    -2.18   12.87
 197590.123   267.160     4.40   14.13
 197879.810   266.324    -2.89   14.98
 198169.512   264.107    -7.66   16.55
 198459.230   264.121     0.05   18.31
 198748.964   263.161    -3.31   19.66
 199038.713   261.704    -5.03   20.32
 199328.478   261.847     0.49   20.98
 199618.258   259.680    -7.48   22.18
 199908.054   255.429   -14.67   24.75
 200197.865   249.447   -20.64   27.65
 200487.692   245.392   -13.99   29.65
 200777.535   240.026   -18.52   34.80
 201067.393   234.592   -18.75   37.21
 201357.267   230.548   -13.95   40.18
 201647.157   225.397   -17.77   42.72
 201937.062   216.107   -32.05   44.14
 202226.983   206.011   -34.83   44.05
 202516.919   194.475   -39.79   41.87
 202806.871   184.333   -34.99   40.92
 203096.839   178.504   -20.10   38.21
 203386.822   170.268   -28.41   34.33
 203676.821   164.077   -21.35   31.01
 203966.836   155.504   -29.57   25.92
 204256.866   149.170   -21.84   23.98
 204546.544   143.218   -20.55   20.04
 204833.264   138.730   -15.66   15.57
 205119.998   134.765   -13.83   11.56
 205406.748   133.204    -5.44   12.76
 205693.513   136.220    10.52   26.82
 205980.294   143.283    24.63   41.15
 206267.089   146.724    12.00   44.04
 206553.900   150.312    12.51   45.28
 206840.726   154.349    14.08   48.05
 207127.568   157.447    10.80   49.86
 207414.424   153.342   -14.31   46.45
 207701.296   151.460    -6.56   45.72
 207988.183   143.787   -26.75   37.84
 208275.086   138.170   -19.58   30.91
 208562.003   132.930   -18.27   22.73
 208848.936   128.936   -13.92    8.61
 209135.885   129.386     1.57    9.96
 209422.848   135.018    19.63   18.55
 209709.827   142.373    25.63   26.79
 209996.821   153.286    38.03   36.07
 210283.830   158.607    18.54   37.92
 210570.855   170.974    43.10   46.07
 210857.895   173.205     7.77   47.36
 211144.950   182.489    32.35   50.16
 211432.020   182.239    -0.87   51.38
 211719.106   176.324   -20.61   48.43
 212006.207   170.890   -18.93   46.45
 212293.324   168.475    -8.41   42.40
 212580.455   166.712    -6.14   36.90
 212867.602   164.783    -6.72   33.33
 213154.765   159.261   -19.23   33.08
 213441.942   152.968   -21.92   35.86
 213729.135   143.218   -33.95   37.05
 214016.343   136.220   -24.37   35.96
 214303.567   127.533   -30.25   31.21
 214590.806   119.318   -28.60   20.75
 214878.060   114.145   -18.01   10.50
 215165.330   116.107     6.83   10.46
 215452.615   118.736     9.15   10.70
 215739.915   123.185    15.49   17.33
 216027.230   128.546    18.66   23.41
 216314.561   128.533    -0.05   22.99
 216601.908   129.947     4.92   22.59
 216889.269   132.417     8.60   25.15
 217176.646   134.577     7.52   27.51
 217464.039   132.727    -6.44   29.94
 217751.447   124.776   -27.67   23.06
 218038.870   120.590   -14.57   20.95
 218326.308   118.011    -8.97   17.87
 218613.762   118.047     0.12   16.25
 218901.231   119.790     6.06   13.67
 219188.716   120.857     3.71   11.67
 219476.216   124.857    13.92   10.63
 219763.731   127.276     8.42    9.96
 220051.262   128.265     3.44    9.22
 220338.808   128.430     0.58    9.23
 220626.370   128.272    -0.55    9.87
 220913.946   127.588    -2.38   10.90
 221201.539   128.704     3.88   16.73
 221489.146   130.833     7.40   22.62
 221776.770   130.474    -1.25   23.90
 222064.408   131.857     4.81   23.52
 222352.062   133.033     4.09   20.90
 222639.731   135.118     7.25   19.14
 222927.416   138.518    11.82   19.55
 223215.116   141.352     9.85   20.28
 223502.832   144.257    10.10   20.53
 223790.563   144.695     1.52   20.75
 224078.310   144.459    -0.82   20.41
 224366.071   141.757    -9.39   20.70
 224653.849   136.121   -19.59   18.87
 224941.642   130.151   -20.75   13.55
 225229.450   127.118   -10.54   10.72
 225517.273   126.758    -1.25   16.08
 225805.113   124.447    -8.03   15.12
 226092.967   121.997    -8.51   15.53
 226380.837   117.712   -14.89   12.49
 226668.723   113.397   -14.99    8.79
 226956.624   110.562    -9.85    7.87
 227244.540   107.402   -10.98    8.65
 227532.472   105.307    -7.28    9.54
 227820.419   102.373   -10.19   10.25
 228108.382    99.279   -10.75   10.25
 228396.360    95.327   -13.73    9.38
 228684.354    93.563    -6.13    8.19
 228972.363    91.283    -7.92    6.70
 229260.388    89.474    -6.28    5.17
 229548.428    88.185    -4.48    3.42
 229836.484    87.448    -2.56    2.46
 230124.555    87.033    -1.44    2.36
 230412.642    86.890    -0.50    2.59
 230700.744    86.739    -0.52    2.99
 230988.862    86.951     0.74    3.56
 231276.995    87.401     1.56    3.93
 231565.144    87.318    -0.29    3.49
 231853.308    87.318     0.00    3.22
 232141.487    87.171    -0.51    2.54
 232429.683    86.953    -0.76    2.12
 232717.894    86.953     0.00    2.32
 233006.120    86.563    -1.35    2.50
 233294.362    86.579     0.05    2.47
 233582.619    86.312    -0.92    2.51
 233870.892    86.475     0.56    2.52
 234159.180    86.633     0.55    2.50
 234447.484    86.775     0.50    2.52
 234735.804    86.634    -0.49    2.34
 235024.139    87.342     2.45    4.05
 235312.489    88.124     2.71    4.95
 235600.856    89.697     5.46    6.70
 235889.237    91.682     6.88    8.20
 236177.635    91.704     0.07    8.50
 236466.047    92.032     1.14    8.98
 236754.476    91.591    -1.53    9.32
 237042.920    90.018    -5.45    8.70
 237331.379    88.077    -6.73    5.82
 237619.854    87.852    -0.78    5.66
 237908.345    88.033     0.63    6.19
 238196.851    89.247     4.21    7.34
 238485.373    91.133     6.54    8.08
 238773.911    93.310     7.55    7.99
 239062.464    96.084     9.61    8.22
 239351.032    98.461     8.24    8.51
 239639.617   101.121     9.22    8.53
 239928.216   102.092     3.36    8.67
 240216.832   103.739     5.71    8.55
 240505.463   106.675    10.18    8.64
 240794.110   110.837    14.42   12.49
 241082.772   114.659    13.24   14.93
 241371.450   118.359    12.82   17.26
 241660.143   119.401     3.61   17.37
 241948.852   117.412    -6.89   19.51
 242237.577   114.772    -9.15   21.26
 242526.317   109.098   -19.65   23.18
 242815.073   101.775   -25.36   20.66
 243103.845    99.180    -8.99   19.20
 243392.632    96.990    -7.59   15.01
 243681.435    97.228     0.83   14.17
 243970.253   100.548    11.49   14.73
 244259.088   104.621    14.11   13.96
 244547.937   107.608    10.34   13.25
 244836.803   112.315    16.30   12.83
 245125.684   112.533     0.75   12.81
 245414.581   110.518    -6.97   14.00
 245703.493   106.547   -13.75   13.93
 245992.421   101.953   -15.90   12.21
 246281.365    99.357    -8.99   11.57
 246570.325    97.075    -7.90   11.49
 246859.300    94.621    -8.49   10.94
 247148.291    91.335   -11.37   11.08
 247437.297    89.026    -7.99   10.77
 247726.319    87.463    -5.41   10.21
 248015.357    85.209    -7.80    8.73
 248304.411    82.279   -10.14    5.83
 248593.480    80.401    -6.50    3.66
 248882.565    79.414    -3.41    2.77
 249171.665    79.707     1.01    2.90
 249460.782    79.947     0.83    3.24
 249749.914    79.933    -0.05    3.79
 250039.062    80.779     2.93    5.16
 250328.225    81.474     2.40    5.86
 250617.404    82.533     3.66    6.86
 250906.599    83.761     4.25    7.86
 251195.810    86.953    11.04   11.05
 251485.036    90.004    10.55   14.37
 251774.278    93.474    12.00   16.67
 252063.536    94.604     3.91   17.22
 252352.809    94.475    -0.44   16.38
 252642.099    94.459    -0.06   15.87
 252931.404    94.974     1.78   13.73
 253220.724    95.205     0.80   11.00
 253510.061   100.375    17.87   14.30
 253799.413   106.104    19.80   17.30
 254088.781   112.121    20.80   16.63
 254378.165   116.750    16.00   15.27
 254667.564   119.953    11.07   14.42
 254956.980   121.943     6.88   14.47
 255246.411   118.812   -10.82   16.64
 255535.857   113.533   -18.24   18.92
 255825.320   106.204   -25.32   18.88
 256114.798   101.361   -16.73   17.30
 256404.292    96.333   -17.37   16.17
 256693.802    90.318   -20.78   13.49
 256983.328    85.832   -15.50    8.67
 257272.869    85.827    -0.02    9.84
 257562.427    86.562     2.54    9.04
 257852.000    89.447     9.96   10.81
 258141.589    92.828    11.68   11.57
 258431.193    98.359    19.10   12.86
 258720.814   102.961    15.89   11.88
 259010.450   108.004    17.41   13.45
 259300.102   110.924    10.09   17.02
 259589.770   113.680     9.52   18.11
 259879.454   112.704    -3.37   17.41
 260169.153   111.690    -3.50   17.65
 260458.868   109.279    -8.32   16.20
 260748.600   110.417     3.93   17.46
 261038.347   112.431     6.95   18.51
 261328.109   113.989     5.38   18.91
 261617.888   114.018     0.10   19.06
 261907.683   113.298    -2.49   18.91
 262197.493   107.265   -20.82   19.80
 262487.319   100.733   -22.54   18.25
 262777.161    94.761   -20.61   12.73
 263067.019    90.562   -14.49    8.45
 263356.893    90.254    -1.07   10.84
 263646.782    88.709    -5.33   12.25
 263936.688    87.682    -3.54   13.05
 264226.609    85.209    -8.53   13.60
 264516.546    82.290   -10.07   13.55
 264806.499    80.547    -6.01   13.32
 265096.468    78.733    -6.26   12.54
 265386.453    77.077    -5.71    6.94
 265676.454    78.445     4.72    7.93
 265966.470    79.958     5.22    8.43
 266256.503    80.990     3.56    8.52
 266546.551    81.218     0.79    8.73
 266834.486    80.265    -3.31    8.80
 267121.182    78.061    -7.69    7.45
 267407.893    76.090    -6.88    5.33
 267694.620    74.862    -4.28    3.72
 267981.363    73.915    -3.30    2.40
 268268.121    73.503    -1.44    2.31
 268554.894    73.590     0.30    2.37
 268841.683    73.918     1.15    3.16
 269128.487    74.092     0.61    3.67
 269415.307    74.404     1.09    5.15
 269702.143    74.733     1.15    5.40
 269988.993    74.680    -0.18    5.38
 270275.860    73.959    -2.51    4.71
 270562.741    73.330    -2.20    3.93
 270849.639    73.136    -0.68    3.77
 271136.552    72.913    -0.78    2.30
 271423.480    72.721    -0.67    2.27
 271710.424    72.824     0.36    2.07
 271997.383    72.852     0.10    2.05
 272284.358    72.369    -1.68    2.06
 272571.348    71.857    -1.79    2.00
 272858.354    71.257    -2.09    1.96
 273145.376    70.974    -0.99    1.92
 273432.412    70.631    -1.20    1.92
 273719.465    70.170    -1.60    1.90
 274006.533    69.893    -0.97    1.71
 274293.616    69.904     0.04    2.06
 274580.715    69.668    -0.82    2.13
 274867.830    69.621    -0.16    2.67
 275154.960    69.094    -1.84    2.12
 275442.106    69.136     0.15    2.44
 275729.267    69.133    -0.01    2.12
 276016.444    69.562     1.49    2.68
 276303.636    70.124     1.96    3.26
 276590.844    71.547     4.96    4.24
 276878.068    73.794     7.82    5.15
 277165.307    75.593     6.27    5.17
 277452.561    75.518    -0.26    4.81
 277739.831    75.430    -0.31    5.31
 278027.117    73.833    -5.56    6.34
 278314.418    71.918    -6.66    6.83
 278601.735    70.033    -6.56    6.54
 278889.068    68.026    -6.99    5.84
 279176.416    66.075    -6.79    3.67
 279463.779    65.064    -3.52    1.76
 279751.159    64.832    -0.81    1.45
 280038.554    65.048     0.75    1.58
 280325.964    65.344     1.03    1.64
 280613.390    65.828     1.68    1.96
 280900.832    66.147     1.11    1.89
 281188.289    66.633     1.69    1.86
 281475.762    67.090     1.59    1.77
 281763.250    67.265     0.61    1.87
 282050.754    67.709     1.55    2.44
 282338.274    67.886     0.61    2.83
 282625.810    68.018     0.46    3.22
 282913.360    68.124     0.37    3.71
 283200.927    68.446     1.12    4.32
 283488.509    69.054     2.11    5.01
 283776.107    69.775     2.51    5.50
 284063.721    70.704     3.23    6.05
 284351.350    72.151     5.03    6.16
 284638.995    73.250     3.82    5.84
 284926.655    74.107     2.98    5.98
 285214.331    75.074     3.36    5.73
 285502.023    75.721     2.25    5.19
 285789.730    76.392     2.33    4.77
 286077.453    76.107    -0.99    4.92
 286365.192    74.561    -5.37    5.93
 286652.947    72.577    -6.90    6.40
 286940.717    70.239    -8.13    6.30
 287228.502    68.847    -4.84    5.33
 287516.304    68.053    -2.76    5.14
 287804.121    68.004    -0.17    4.98
 288091.954    69.039     3.60    5.60
 288379.802    70.886     6.42    5.78
 288667.666    72.857     6.85    6.08
 288955.546    75.018     7.51    6.28
 289243.442    77.906    10.03    6.49
 289531.353    79.790     6.54    6.60
 289819.280    81.659     6.49    6.64
 290107.223    83.431     6.16    6.47
 290395.181    83.890     1.59    6.39
 290683.155    84.055     0.57    7.14
 290971.145    84.321     0.93    7.00
 291259.150    84.592     0.94    6.71
 291547.172    84.312    -0.97    6.48
 291835.209    83.704    -2.11    6.29
 292123.261    83.025    -2.36    6.41
 292411.330    82.141    -3.07    6.62
 292699.414    81.663    -1.66    7.32
 292987.514    79.709    -6.78    7.58
 293275.629    78.414    -4.50    7.00
 293563.761    76.989    -4.95    6.92
 293851.908    75.040    -6.77    7.36
 294140.071    73.321    -5.97    7.69
 294428.249    71.561    -6.11    7.36
 294716.444    69.011    -8.85    6.02
 295004.654    67.459    -5.39    5.47
 295292.880    66.250    -4.20    4.41
 295581.121    67.085     2.90    5.31
 295869.379    67.945     2.98    6.18
 296157.652    69.445     5.20    6.84
 296445.941    71.333     6.55    7.28
 296734.246    72.404     3.72    6.78
 297022.566    73.390     3.42    6.77
 297310.903    72.852    -1.87    6.58
 297599.255    71.518    -4.63    7.34
 297887.623    69.974    -5.36    7.75
 298176.006    67.798    -7.55    8.57
 298464.406    65.136    -9.23    7.40
 298752.821    62.547    -8.98    6.28
 299041.252    60.775    -6.14    5.27
 299329.699    59.647    -3.91    4.70
 299618.162    58.333    -4.56    3.69
 299906.640    57.697    -2.20    3.15
 300195.134    57.077    -2.15    2.26
 300483.645    56.724    -1.22    1.64
 300772.171    56.361    -1.26    1.15
 301060.712    56.381     0.07    1.17
 301349.270    56.504     0.42    1.25
 301637.843    56.603     0.34    1.35
 301926.433    57.895     4.48    4.44
 302215.038    58.690     2.75    4.91
 302503.659    59.430     2.57    4.97
 302792.295    60.033     2.09    4.52
 303080.948    60.090     0.20    4.40
 303369.617    60.324     0.81    4.19
 303658.301    60.118    -0.71    3.87
 303947.001    59.690    -1.48    3.86
 304235.717    58.768    -3.19    3.82
 304524.449    57.775    -3.44    3.68
 304813.197    56.827    -3.29    3.77
 305101.961    55.562    -4.38    3.38
 305390.740    54.718    -2.92    3.05
 305679.536    54.046    -2.33    2.38
 305968.347    53.647    -1.38    1.86
 306257.174    53.804     0.54    1.74
 306546.017    54.438     2.19    1.90
 306834.876    54.682     0.85    2.16
 307123.751    55.155     1.64    2.55
